4443
254932 12617 1 1
770718 2 5794 1
452384 1 6941 2
170852 2 1 9921
510827 1 1 9843
934070 3796 4 1
257453 1 1 20501
817001 2 5 1302
771900 3 1 4989
859372 13785 1 1
555500 10439 2 1
224628 1 12969 1
423938 7532 2 1
208233 1 18635 1
38226 1 4226 4
534203 17168 1 1
88347 1 2 6245
107888 2 1 10094
357156 2 1 5309
466234 7350 2 1
539674 1 1 12121
762060 16029 1 1
13731 1 1 14013
631482 12862 1 1
940160 18107 1 1
800362 1 1555 12
420920 10086 1 2
134661 1 12904 1
619506 16 1 1121
472805 1 1 19056
886185 1 17032 1
829343 4083 5 1
530225 1 15580 1
562000 1 2 9265
772299 1 15837 1
671559 13235 1 1
912933 1 11313 1
368139 20154 1 1
916936 17848 1 1
971177 919 2 4
742459 6 22 138
801482 1142 3 1
23049 1 14964 1
787474 1 1 11784
249229 1 1 8250
224578 1 15784 1
870654 1511 12 1
380883 1 1 12696
527881 12913 1 1
928284 1 12790 1
870817 1 1 16826
309394 1 17105 1
865472 1 2 9886
328429 1 16324 1
859927 1 1 11487
315106 2 9481 1
764358 1 19353 1
518617 19248 1 1
586916 1 1 11131
53813 1 1 19746
987247 3 1 2477
662244 1 1 14542
566558 1 3 6872
914028 18076 1 1
661883 17792 1 1
444450 1 15553 1
51286 1 1 7547
28936 1 13511 1
274279 1 1 12337
146822 1 1 3731
889383 2 1 8648
75512 7289 2 1
931556 1 1 19123
370444 1 10313 2
247189 1 15194 1
778033 1 1 19800
73378 14738 1 1
171332 1 3 5308
288747 17935 1 1
482837 1 9109 2
169815 1 2 8848
798343 4470 4 1
103243 1 6583 1
534719 1 1 17979
66936 1 20990 1
959386 13036 1 1
836197 1 5771 2
287187 1 2719 5
586285 1 5565 3
167 1 7935 2
652623 16272 1 1
526210 9 1 1508
321851 1 1 15833
601352 19544 1 1
33610 7 1 848
130314 1 979 13
269593 1 6612 2
971267 1 1 4539
168159 2 1 8286
67498 2676 1 1
304398 15262 1 1
6113 1 1 18612
886208 4 1 3154
999260 1 1 3278
452984 7 1 2866
887411 6 1 960
579659 1 10980 1
378082 1 1896 2
741230 2 7077 1
4117 1 16781 1
667458 1 3153 2
305299 1 11696 1
5752 1 1 19343
645804 1 19474 1
186689 4 3686 1
875701 1 19565 1
811100 1 17557 1
513472 9045 1 1
108999 4 1 3493
388757 3 1159 4
910956 1 12140 1
437128 2 3646 1
127649 1 10399 1
688028 1 18809 1
755405 1 1 12707
387617 1 9574 2
350371 3 2 1606
644964 2 9665 1
836180 16427 1 1
8815 1 1 20955
129038 1 17643 1
430485 2 1 6973
261182 2946 1 3
357275 1040 4 5
445997 1906 2 1
484942 1 4870 1
816424 6525 2 1
278652 2 1 7614
138246 1 1 17622
286850 1 1 19447
588068 5084 2 1
221627 17643 1 1
89160 1 1 12725
904280 10447 1 1
334409 1 1 17318
201786 1 6415 3
868575 2 1 7478
455814 1 1 11892
778532 19778 1 1
189409 1 2 6836
745858 853 9 2
253970 3 1 6743
808182 11269 1 1
117015 1414 8 1
876714 1 1 18838
905865 6246 1 3
35335 3 1 5312
36919 1 4760 4
670579 1 1 18096
642878 13071 1 1
750245 10478 1 1
231115 1 11196 1
256118 1 7699 2
128121 1 6392 3
743884 19859 1 1
670644 10411 1 2
691908 1 1 18577
754366 9801 2 1
31200 1 4110 3
186076 18939 1 1
975280 15792 1 1
676735 1 19517 1
589847 1 1 10212
978854 10 1 1401
665227 6 3411 1
762425 3 1 6513
309301 1 1 14590
65612 1 1 17537
773917 6741 1 2
460742 1 1 9414
923732 35 1 537
2881 19062 1 1
923865 11795 1 1
369601 11066 1 1
815857 3 1 2860
435301 1 20011 1
178748 1 16445 1
472501 14067 1 1
99073 17680 1 1
543819 5789 2 1
88075 4277 3 1
919313 2674 1 5
485955 1 2 9738
272158 1 18278 1
509626 1 20357 1
193626 1 10636 1
694821 1 1 14492
259396 12567 1 1
743674 3 1 6856
358104 11786 1 1
206483 4132 2 1
696007 11107 1 1
574734 1 17235 1
684288 13903 1 1
554481 1 4466 4
704134 2 1 7794
719521 2 1 4798
579837 1 11857 1
49166 1 2 7817
52559 4973 1 3
565683 16458 1 1
466812 1 1 19032
171489 1 16076 1
953167 1 1 20098
636577 14944 1 1
375528 1 8617 1
812127 1 1 13953
672373 1 1 13077
326329 14811 1 1
28034 1 19477 1
341781 6 1612 1
690378 1 2 7740
334353 7846 2 1
23590 18167 1 1
243527 2 5532 1
688528 9705 2 1
962358 4098 1 2
530596 1 9834 1
46279 1 1 17781
781485 1 6914 2
162042 1 12627 1
604994 13631 1 1
600212 1 14747 1
984876 15025 1 1
70198 12 1 1738
472540 1 1 14063
27104 15586 1 1
633440 19559 1 1
567726 5592 2 1
327899 17766 1 1
301545 1 2716 7
904695 4150 1 3
483706 3303 3 2
381236 1 16711 1
128909 13 5 234
113356 19580 1 1
524485 1 1 12582
981781 15340 1 1
665130 1 11389 1
841917 1 1 18560
83020 1 1 20160
750797 14078 1 1
193420 1 8324 2
408142 18776 1 1
944080 1 13764 1
815361 16733 1 1
473097 1 7679 1
263764 3441 1 3
905559 1 19225 1
169737 19635 1 1
616555 1 1 18020
328356 1 13413 1
963087 1 14990 1
240366 1 16555 1
112895 2606 5 1
751452 1 3 6987
930419 9151 2 1
873512 1 1 17530
668095 19901 1 1
70914 18962 1 1
940763 12448 1 1
526400 1 9527 1
198848 1 1727 8
947308 1 6610 3
763586 1 12118 1
973870 1 14555 1
101708 1 2656 7
165796 1 8056 2
388933 9917 1 1
984718 1 1 18477
887295 1 1 17060
605972 1 1 20666
59258 6266 1 3
406600 13216 1 1
487636 3 1 6498
394191 17638 1 1
743305 1 18000 1
700625 1085 7 1
159885 1 13821 1
737949 1 17205 1
199027 16527 1 1
776119 10399 1 2
280577 1 1 15222
495511 1 4648 2
982850 1 1056 16
181861 3181 1 4
381646 1 8988 2
101202 1 9973 1
837299 4 212 3
224131 1 1 9187
655159 2 2346 4
154438 829 14 1
131887 1 12391 1
947719 1 2989 7
128047 1 1992 7
426171 4 1 4922
54241 1 2 7562
643067 16514 1 1
801883 3 1 6009
482256 1 1 12146
843969 1 18688 1
703887 1 6727 3
246843 2 2025 5
83643 1 3 5482
190800 1 1 16241
783642 1 18759 1
221051 1 1 17985
291996 1 1 17482
184013 1 1 16237
226980 5924 2 1
929778 1 1 9206
664724 1 1 12121
272208 2 1 4477
254787 9347 1 1
666634 19000 1 1
767947 6 1 2760
168010 10607 1 1
318521 2 1777 3
211310 1 12696 1
321983 1 16120 1
732916 12963 1 1
435993 1 20235 1
468037 12526 1 1
641650 1 1 14739
111235 8889 2 1
627909 1 17114 1
420490 1 10611 1
992729 20810 1 1
69247 1 3769 2
771698 10601 1 1
136147 1 6176 2
110163 429 14 1
495704 1 1 19298
643735 3 1 6139
960726 1902 2 5
219755 4467 2 2
992332 1 1 14014
527858 1 1 17355
375705 5858 2 1
679569 1 2 5684
579516 1 16933 1
532952 1 1 16577
210959 1 19253 1
832893 1 1 12937
875693 2 1 9781
376043 17553 1 1
816540 1 17539 1
378241 2 1 10109
221482 1 2 7242
991239 1 13645 1
608064 1 15400 1
926842 1 18365 1
459282 1 1 17767
932620 868 20 1
22767 1 1 7696
739078 6477 2 1
77841 16075 1 1
712183 4 1 2925
738210 1 13409 1
824843 3 6347 1
54080 6512 1 3
161360 1 9462 1
138524 1 17980 1
748007 12559 1 1
4214 1 1 17507
810498 2 1 5720
297083 1 19886 1
649569 1 1 7591
944565 1 1 17005
441377 1 1 19469
497602 1 1 16666
361245 1 5762 2
691094 6924 1 3
517464 1 13688 1
323201 2 1 3986
855647 7402 1 1
951128 1 13951 1
192233 1 9292 1
577141 1 1 14043
404539 16124 1 1
478077 2 2 4234
784459 4474 3 1
254276 1 9265 2
732237 1 5436 1
25703 14944 1 1
367322 10187 1 2
392798 4 1 5231
515335 1 1 11426
916353 14276 1 1
900129 1 18104 1
341556 1 18839 1
272627 1 1 11539
919156 1 16258 1
548001 182 89 1
855007 1 19081 1
66333 1 5619 3
775718 1 1 18900
515670 1 18820 1
383239 1 1 13392
753557 2 9551 1
879478 1 2308 8
270471 12235 1 1
788477 20629 1 1
259913 1 1 18167
892208 349 16 2
845012 4517 1 1
96662 2 1 5752
719033 1 12246 1
594251 1 17486 1
310575 1 15228 1
727749 1 1 7700
584223 2 8226 1
989164 2 3055 3
699340 13398 1 1
547192 2 1 5393
65038 19707 1 1
669 1 7357 1
506475 1296 4 4
209577 1 1 13423
359365 14375 1 1
127681 19759 1 1
639696 7643 1 1
515217 13377 1 1
638701 2 1 3751
308829 20102 1 1
258811 1 15550 1
720234 2 7070 1
470995 1 18764 1
407949 4 1461 3
76848 1 13555 1
642202 1 13563 1
16471 1 1 19863
384245 6988 1 3
712540 2 9507 1
731537 1 1 12483
692705 2 2 4899
331985 1 1 20691
112630 1 1 15433
9671 1 19364 1
614381 1 1 13960
655644 20364 1 1
588362 1 2 8937
600324 3 1713 4
227895 13987 1 1
809831 1 1 18263
755123 1 15462 1
606406 1 1 12059
705861 5207 3 1
617214 1 6110 3
635915 4250 4 1
829146 1 1 17241
310913 4500 2 2
124003 1 20372 1
600098 1 6995 2
106052 1 5214 4
432553 18270 1 1
253662 13 2 735
90710 3138 2 2
507391 5266 2 1
358202 8729 1 1
198596 20673 1 1
799206 1 2 8313
644202 1 18764 1
939340 1 14971 1
290399 18653 1 1
742832 9590 2 1
125249 1 10478 2
472622 1 16349 1
661229 3 1 5229
808122 1 1 12914
370219 1 1 15996
826709 9 1 1408
619703 1 11197 1
795902 1 16425 1
381751 5590 1 1
313935 1 13774 1
140816 18683 1 1
90057 7492 1 1
833004 1 8324 2
489099 1 1 18491
581938 1 1 15685
595500 1 1365 5
775690 20846 1 1
955698 1 17267 1
800610 3923 1 5
115411 6980 3 1
694137 1 1 14221
225098 1 11513 1
791650 6468 1 1
705558 2 1 7388
431497 2 7059 1
510071 18682 1 1
514078 1 1 11835
315901 6 1 2349
214401 9732 1 1
762878 1 1 12170
435328 6241 1 2
397943 9958 2 1
26466 1 7705 2
310330 13277 1 1
209753 1 1 15458
598281 24 1 822
547638 1 11394 1
386881 1 1 20205
230147 1 17061 1
598242 9253 2 1
108678 10990 1 1
62601 1 1 11716
844446 1 7659 2
118093 1 1 14194
708543 14165 1 1
681692 1 16172 1
706207 13524 1 1
383454 4761 2 2
105800 1 14293 1
894096 1 12478 1
436159 1 12228 1
299138 1 4362 4
982971 1 1 15945
201938 19620 1 1
357124 1 18946 1
295210 1 2 9830
603731 1 1 18982
285858 18793 1 1
247836 12654 1 1
655380 1 1 13847
213013 12498 1 1
315100 14039 1 1
972717 1 15474 1
375194 8011 1 2
311086 1 1 12785
369669 1 10000 1
527778 6477 2 1
339676 1 5135 3
320166 1 2715 6
518280 1 8848 2
396209 9139 2 1
553008 1 5755 2
997297 1 17327 1
983846 1 3991 5
98065 16642 1 1
825021 2 1 7357
309850 17350 1 1
367401 1 16630 1
539618 2524 5 1
262433 10864 1 1
710787 1 9156 1
112378 14250 1 1
148269 1 1 14657
296875 1 1362 12
299295 1 20694 1
122982 1 7377 1
507397 1 1 20386
758018 6 3434 1
343567 1 17816 1
603770 2 1 7821
230922 16627 1 1
46422 1 17754 1
911826 14571 1 1
867961 1 1770 10
112147 1 18030 1
165630 9735 2 1
532194 2 1 8639
990277 10 1 1095
465049 1 1 20634
153682 1 14329 1
167795 1 4259 2
343287 1 1 10589
621395 3 3491 2
195543 1 4682 4
136367 4 4870 1
741550 1 1 19531
292479 4 1 3664
452981 1 1 17010
706078 9010 2 1
465496 4575 3 1
810983 2 1 6037
926331 17211 1 1
875612 13018 1 1
694986 636 9 2
551119 1 16753 1
413232 1 1 9078
355640 1 17547 1
403538 1 1 10044
176746 2 1 9596
32224 1 9875 1
168271 1 646 32
992768 10129 2 1
429197 1 5399 2
953235 1 1 9684
580112 14010 1 1
706249 8 1 1653
855875 1 1 14417
546066 1 1 19284
224903 7350 2 1
545500 18387 1 1
343686 1 7839 1
290438 19322 1 1
439355 1 1 8177
550134 1 2 3975
179724 18774 1 1
663521 6574 1 1
517017 3 4 613
343084 1 16724 1
239576 1 13324 1
525025 1 14233 1
577823 2 1 10165
110415 19798 1 1
679018 16039 1 1
920628 1 9671 1
838831 1 2 8564
797266 1 19010 1
734980 1 5649 2
478511 219 61 1
365578 18758 1 1
714123 4112 2 2
217316 18436 1 1
419166 1 16509 1
732696 13211 1 1
615035 4863 3 1
968767 5 1 3366
166267 1 1 10588
890904 1 1882 7
968719 12367 1 1
798926 1 1 12201
71711 1 1 13060
408720 1 1 11496
142614 1 20163 1
893231 7571 2 1
754999 1 5065 3
733530 1 1 17086
835682 1 1 13419
64369 1 1 20610
526491 1 1693 7
410377 1 1 19101
99379 1 5846 2
932850 1 1 15552
705472 1 14203 1
347540 1 15115 1
825426 2 7423 1
572413 9794 1 2
47407 1 1 15731
871300 1 17848 1
67248 4 1 4256
736463 8437 2 1
314020 1 18056 1
100075 1 20153 1
782506 9952 2 1
334916 1 20060 1
441298 1 14148 1
230982 1 8743 1
345048 2 1 5831
903374 1 1 17257
41727 6797 3 1
605124 13813 1 1
540702 1 16656 1
782636 3 1 4339
837115 3 3 2211
583450 1 4 4725
556231 5154 3 1
82506 42 1 446
386132 1 1 14245
470315 19637 1 1
88600 2 8486 1
28273 15515 1 1
87397 1598 5 2
514343 1 13715 1
52272 18592 1 1
955916 9042 1 2
776129 1 1 12211
921858 1 9217 2
305054 19686 1 1
730778 13179 1 1
468139 1 20157 1
209176 1 12794 1
524703 1 3539 3
215178 1 7161 1
297376 1 16786 1
367968 1 1 11030
372650 2 1 7519
216834 1 20270 1
178622 19751 1 1
982187 1 1 18333
893482 1 11840 1
412587 1 1 18137
401247 17906 1 1
100332 6879 2 1
632324 1 1 20400
317564 14913 1 1
630203 1576 11 1
613083 1 1 12379
426650 4097 5 1
814247 7692 2 1
841013 10436 1 2
525574 20171 1 1
813676 1 2791 5
814416 1 1 8938
968668 1 7093 2
903832 1 1592 5
933096 2102 3 2
748649 3 1 5714
638148 4303 4 1
204491 6921 2 1
752269 12291 1 1
3469 1 14608 1
971818 3959 1 4
921491 1 1 18957
346262 12882 1 1
357124 6122 1 1
844905 2 2 2396
302331 1 8350 2
903611 1 8719 1
504560 2 1 7981
967797 1 1 18446
477485 1 8904 2
44284 1 1 12142
710494 1 1 15459
105054 2211 9 1
490069 1 1 8816
667904 11533 1 1
885611 1 11861 1
829586 1 14372 1
793806 6 1 1357
333612 1 1 12057
957262 2489 5 1
612942 1 15484 1
429394 1 1 19012
989908 1 10783 1
398730 3342 4 1
682048 1 14789 1
826867 5384 3 1
241677 1 1 9574
200208 1 1 18793
717896 1 1 18421
665739 1 5064 3
16274 1 1 17285
754096 18840 1 1
151300 83 1 241
137676 1 3125 1
893004 1 1 19057
999062 13 1 1168
149241 1 5235 3
680734 8910 1 2
203011 6 1 1980
265787 1 1 8009
908582 1 2 7749
694404 682 25 1
190351 1361 7 1
528585 6 1 2740
339273 1 16593 1
939766 1 7636 2
246225 1 11077 1
517236 1 9682 1
99689 1 11245 1
647701 1 15284 1
236759 9629 2 1
574250 6419 1 2
164271 1 20589 1
882331 1988 2 1
857777 2 1 3577
970065 1 10585 1
258365 2 2267 4
715359 1 5326 1
396649 1 1 20245
509477 1 20297 1
240826 19027 1 1
756193 16244 1 1
572384 16810 1 1
311595 4674 2 2
787261 84 4 44
133662 4424 3 1
927035 1 15855 1
320282 1 15921 1
971093 1 4795 4
145883 1 2 7208
788414 2 1 9530
537334 12107 1 1
14702 3 2 2630
38569 3 1 4832
286420 1 1 17942
999711 1 15259 1
848095 18205 1 1
98657 1 1 17170
849597 2 4899 1
597400 6159 2 1
279377 19089 1 1
704531 5657 2 1
344744 11931 1 1
993407 1 17502 1
288927 1 11104 1
887717 1 2 5476
436285 1 5056 2
649967 2356 2 2
831234 1820 3 3
730385 1 15451 1
641886 1 18593 1
97180 1 1 20748
133903 9026 2 1
407197 7 2938 1
615308 4710 1 3
321576 1 19605 1
682516 3 2157 1
494712 3855 3 1
75681 1 7645 1
823987 1 7945 1
28670 7234 2 1
565614 1 20515 1
177914 7366 1 2
348114 1 2907 5
106184 1 1 7320
491914 1698 11 1
289191 11156 1 1
898985 4 1 4657
888251 19577 1 1
106259 1 19306 1
579658 1807 4 1
255064 1 1 15257
516859 1 15692 1
629867 16061 1 1
511965 14062 1 1
873900 3 2 2986
453649 4769 1 2
472516 1 1 19516
471865 7 2 1460
828929 1 1 20508
435399 18841 1 1
358896 1 8671 1
562895 1 1 16078
529679 1 19836 1
732213 2 1 9831
310978 1 15605 1
502408 1 1 10902
73362 1 1 14635
119535 1 9142 1
962636 2 10464 1
724134 5 1 3885
367809 4 1 2663
211338 3903 3 1
775334 4 2 2469
976341 11907 1 1
129928 827 3 2
156633 1 14313 1
83575 1 14617 1
643851 1 1 16124
319391 20847 1 1
810098 1 5933 3
780343 1 8407 2
199420 2161 5 1
226710 24 1 837
30738 1 1 16604
844805 1471 6 1
669241 1 19610 1
166577 1 1 10333
951302 1 3 6227
697359 1 6774 3
449140 1 3540 3
837526 1 702 26
785563 12821 1 1
789769 1 2635 5
655659 1 1 8330
223280 1 8551 2
685205 1 16665 1
518581 1 4610 3
203884 1 7830 1
819495 2 1 7498
153289 1 1 12820
114502 8 1 1968
637759 1 1 10960
202471 2 9522 1
220891 1 1 18911
752750 1 7787 2
221257 1 4467 3
238076 3 1 6610
677836 6 1 2525
139356 4085 3 1
969764 1 9631 1
318185 14063 1 1
230412 1871 9 1
328987 2 1 5274
960110 1 1 13755
110405 1 1 16230
4004 1 4 4563
262988 1 1 6322
475330 1 10399 2
494052 7448 1 1
630198 9 1 2233
790144 1 1 15390
296798 30 1 541
405189 5742 1 2
839784 1 1 12768
583740 1 14938 1
727533 19709 1 1
498989 1 2 7373
241391 15861 1 1
370839 1 5563 2
978673 11813 1 1
679714 1 1 15867
306724 13153 1 1
210043 1 9362 2
184678 1 1 18056
443692 11372 1 1
452595 16036 1 1
885108 534 8 2
164748 1 1 16323
661705 1 15478 1
437499 3 5 836
259357 1 1 17716
371952 1 6505 3
977633 1 1 17336
38010 11007 1 1
960715 1 17020 1
152099 1 1 11797
918718 3 1 6163
687485 9465 1 1
170704 1 5 3042
585194 5 1 3477
778216 2783 3 1
792218 1 15754 1
723584 10997 1 1
620854 9 1 687
709079 1 19783 1
493257 1 1 20562
100460 1 8898 1
82167 1 6421 3
132099 1 19847 1
433238 1 20703 1
449545 10561 1 1
556919 1 2549 7
426088 1 15340 1
21811 1 1216 16
692801 1 3 4168
525500 1 2 6204
447007 1 2 9338
393128 1 6209 2
72197 2 4 2576
919390 5988 2 1
980993 1 2573 7
689614 1 19146 1
155004 1 9391 2
893456 1 1 14855
280781 1 1 15629
137255 1 2 5400
393986 14304 1 1
172850 1 1 18297
221628 6432 2 1
577235 7605 2 1
799357 4 1 4606
987509 1 13035 1
441322 1 1 18262
52910 2 7028 1
748894 1 1 19455
430018 1 19550 1
436440 2 1 7289
387508 1 19538 1
598058 11 1621 1
265784 19482 1 1
698115 1 18294 1
45081 9986 2 1
66123 1 16400 1
362333 15048 1 1
145993 1 19182 1
868639 1 1 12989
124219 14713 1 1
996326 11226 1 1
531612 1 11092 1
441696 1 10204 2
971467 1 1 17464
647124 787 23 1
798184 1 1 15290
769649 3000 1 6
94418 1 17598 1
101500 224 31 2
103046 1 1 16307
221178 1 6216 2
42195 1 13883 1
382715 1 1 16069
106538 1 12355 1
910705 3 1285 3
903723 1 9943 1
295336 1 1 10597
23371 1 17484 1
628837 12715 1 1
803261 1 13975 1
639221 6604 1 1
563149 1 1 15454
337826 1 9421 2
728235 2 1 6869
880859 1 1 14382
272970 2 8258 1
515957 1 16151 1
540578 1 16111 1
246955 17 1 791
647227 2 2356 2
723030 7346 1 1
426577 4683 1 4
744185 20540 1 1
783777 1 1681 7
162814 3 5044 1
341575 1 2 6015
326307 18732 1 1
956703 10242 1 2
450802 20871 1 1
30509 8386 1 1
642692 1 1 11496
248959 1 12183 1
241857 1 1 20477
204797 2 5214 2
224675 1933 8 1
750562 18849 1 1
830776 1 1 20099
303674 1 14812 1
580239 2 8115 1
843959 20432 1 1
715036 2 4271 1
385204 6133 3 1
799588 1 1 18028
661710 1 10869 1
913637 3673 1 2
622535 2 1 6798
268430 2 7022 1
490776 1 1 18096
179528 5 1 2258
639333 1 1 16980
340568 1 12955 1
395543 1 17837 1
638247 9889 2 1
845337 5 1 438
348730 1 1699 12
937980 1 1 11540
41167 8680 1 2
479510 2 7 1271
134054 1 2 9066
910674 3777 5 1
692455 2323 6 1
40291 2534 2 4
384903 1 17121 1
297715 1 1 20403
94047 1 17485 1
268874 3 1 3464
406284 15592 1 1
706077 4 3730 1
813132 2934 5 1
792213 1 5894 3
160332 19157 1 1
413649 10284 2 1
345785 1 16351 1
134023 14862 1 1
930480 1 3381 6
397009 1 20081 1
801395 2166 3 1
399422 1 1 12345
315829 3793 4 1
851020 1 1 19646
773203 20747 1 1
918495 1 13284 1
725821 1 1 20608
401693 1 11515 1
116655 1 1 20081
682543 1 1 19454
586687 1 1 13124
341277 2 1 4395
786600 4047 2 2
76780 1 1 17869
800875 19407 1 1
796479 13076 1 1
357386 2 1 8332
502737 1 16190 1
791491 1 20235 1
177484 2 1 9074
212021 1 17018 1
966685 9999 2 1
118492 1 20897 1
241342 1 20581 1
405618 1 1 20757
358655 2 2 3633
625803 1 2 8255
868872 1492 7 1
272255 20053 1 1
199440 1 17181 1
122744 3 1 3223
869394 1 1 7750
99297 1 11894 1
684421 1 11975 1
146256 20306 1 1
924751 7845 1 1
525323 6585 1 3
151855 1 1 15567
469363 164 40 1
667866 10887 1 1
93002 20788 1 1
431792 1 13717 1
384841 1 1 12325
32155 1 1 14203
46533 1 4430 3
118798 1 14589 1
294668 1 85 151
275324 1 1 15822
700977 20255 1 1
784766 13519 1 1
509151 1 12599 1
581455 1 1 18401
549869 9654 1 2
78142 4192 4 1
273649 7386 2 1
597823 20171 1 1
71535 3 1 4682
178682 1 6913 2
398596 2 2 4369
662112 19264 1 1
819089 14236 1 1
179238 6446 1 1
508383 1 1 19954
746370 2750 6 1
88103 1 19809 1
833635 1 1 15731
926455 1 1 11664
42926 6804 3 1
923512 1 12567 1
152439 3 3091 2
729910 15064 1 1
99470 16111 1 1
986078 12523 1 1
319935 17074 1 1
366199 10238 2 1
290679 1 1 17628
595889 1 2 3649
147640 1 8509 1
266511 13213 1 1
564986 18179 1 1
35579 2 4793 2
177057 8769 2 1
309411 1 2 9019
79669 1 1 10888
560394 12244 1 1
143962 1 19464 1
54103 20400 1 1
149045 2 2 3166
804114 1 10433 1
741912 11746 1 1
571684 1 1 13475
451005 1 1 20484
396196 1 1 16347
517360 1 13335 1
804789 3831 3 1
413961 5317 2 1
132627 2 1 10459
271335 1 18558 1
450058 5161 4 1
168463 1 1 15089
179456 1 18180 1
535306 3 1 4976
210085 19750 1 1
12813 1 1 16559
359399 1 1 6624
486266 20102 1 1
275666 1 1 16450
676305 9016 1 2
321365 19758 1 1
302071 2 1 7230
123248 10542 1 1
251502 1 1 19307
218957 11606 1 1
188026 1 14924 1
366927 1 20583 1
452707 10074 2 1
793906 2 5010 1
778190 1 16734 1
783537 1 18975 1
431589 1 1 10533
550090 2 724 10
581572 1 1 12228
426970 3227 2 1
870212 1 15391 1
820114 16996 1 1
818605 17929 1 1
842006 1 1 17060
382874 423 25 1
619815 1 6043 2
828927 2 8102 1
628284 3 211 15
261928 5992 1 3
78912 1 1 18795
566147 1 1 16368
637876 2 1 8680
29043 12388 1 1
411222 1 1 13978
619132 1 1 17237
590591 1 1 4139
641564 8800 1 2
981256 1 7589 2
855174 1 1 11448
591457 1 4783 1
593393 11109 1 1
669391 3 1 6700
60973 9218 2 1
969733 34 1 368
651547 1 1 20258
622472 5678 1 1
103286 2 10350 1
747526 1 12925 1
337208 1 1 13606
652662 1 1 17934
505699 11 1 981
886560 1 1 9231
5965 9858 2 1
639566 16882 1 1
48546 1 8311 2
517888 1 18787 1
151260 18399 1 1
120362 19016 1 1
502744 2 1 8876
583821 1 1 16944
79350 1 1 7042
822794 5061 2 1
453309 4544 3 1
227703 1 3162 2
483540 1 1 20748
871196 15436 1 1
177428 13634 1 1
599976 1 1 18160
516446 1 1 15936
930492 1 1 12103
921256 2 2 4316
639049 18039 1 1
707702 18569 1 1
61774 2 9388 1
12155 1 1 13510
15765 1 918 17
111705 1 8303 2
262601 1 97 206
156477 14428 1 1
209186 13383 1 1
732049 7726 2 1
231279 2 9995 1
884925 1 20498 1
648604 2 4 1985
127299 1 1 15403
191707 1 1 11362
810781 5 1 2978
46206 1 2 6079
903552 1 9241 2
692491 1 6078 2
348415 1 20150 1
460886 1 15066 1
943847 1 20184 1
58663 2 2820 1
822695 2 1 8486
337860 1 1 14643
975492 2 10 848
193486 1 18456 1
11406 1 5441 1
607931 1 19711 1
298232 1 6990 3
760014 1 20743 1
862411 1 1 14924
338718 1 8422 1
921117 1 2684 5
642783 9951 1 2
314401 1 13100 1
482323 2 1 5236
631203 1 19308 1
756485 1 1 17506
379949 7390 2 1
843237 1 1 13600
937986 16284 1 1
463938 1 1 15890
139092 1 19433 1
119121 13935 1 1
60107 1 9423 1
750063 8873 2 1
19652 1678 6 1
230026 13999 1 1
36475 1 11962 1
190172 1 1 15706
382221 1 2154 9
59114 17960 1 1
726235 1 1 17190
880808 16417 1 1
173177 1 19535 1
135828 4852 2 2
839454 6445 2 1
503410 1 1 12311
236655 18215 1 1
160542 19932 1 1
62646 1 16000 1
336610 1 14702 1
287125 1 13573 1
871825 309 23 2
921614 4 1 5020
9795 1 7448 2
763247 1 1 8829
45170 1 1 16095
656116 6998 3 1
948538 6751 3 1
251507 3 1 4291
596380 15577 1 1
173902 1 7895 1
701910 6808 2 1
276024 18045 1 1
630638 17766 1 1
319920 1 6026 3
109388 1 1 14941
523634 14400 1 1
701475 1712 12 1
629851 5 1 3770
408854 8323 1 2
119897 5183 1 1
811689 1 2 6482
793603 1 14133 1
431764 10547 1 1
732573 2 1313 6
334297 1 2 9983
181441 8 1 1696
324883 1 96 179
16050 1 12683 1
239637 2 1 9869
890440 1 2 5981
663234 1 11284 1
273067 8122 2 1
875489 329 1 51
605401 978 2 3
607216 1 4549 4
989805 2 1 8707
748489 1 20233 1
101012 1 1 12864
50828 2 1 6778
308195 1 1 15880
159093 1 1 14691
83492 4 1623 3
510744 20365 1 1
381625 1 1 11003
258104 1 1 15044
748622 6620 2 1
654712 8 1 2424
757236 1 17002 1
158131 3 1 5862
988684 3 1988 3
342066 3 1866 2
211842 16869 1 1
624335 1 1 14586
404837 11537 1 1
648865 11295 1 1
426074 1 1 20655
629639 1 13441 1
154790 16337 1 1
507037 1 10705 1
268484 1 5381 3
97921 1 10561 1
323636 2 10016 1
738720 1 16784 1
555104 1 1 14857
418011 2797 2 3
768704 1 4967 3
294181 1 9772 2
446639 1 1 16540
81697 2583 4 1
688188 17617 1 1
470130 2 1 7974
504274 1403 2 1
277399 1 14829 1
914991 1 1 14318
483892 14777 1 1
750635 1 12418 1
245358 11453 1 1
762399 2492 6 1
935873 2658 1 5
405481 14206 1 1
126977 4351 1 1
941887 1 1 11977
743726 10548 1 1
320509 1 1 11584
162185 14864 1 1
668765 1 1 19677
22279 11644 1 1
976006 1 1 19456
671796 1 1 20836
701843 1 4213 4
312070 12410 1 1
613141 6918 1 3
227761 1 1 12674
134754 1 17779 1
399468 1 19148 1
568568 1 3 6844
543669 20176 1 1
801906 1 17874 1
393312 1 20325 1
689886 4835 2 2
385473 20075 1 1
847905 2 3868 2
803035 1 1 13786
944947 1 6332 3
173042 10822 1 1
133268 13205 1 1
497429 1 9608 1
289353 5 103 27
252191 19687 1 1
90555 2 1 5795
682004 4 1 3851
414943 16875 1 1
815040 2 1 5456
249430 2 1 7405
819513 8905 1 2
869276 7 1 1567
396324 2421 3 1
139099 4 4287 1
313914 4691 4 1
730898 2 3442 2
47502 18517 1 1
612374 7600 2 1
266162 1 1 12684
494534 1 1 8886
141169 14956 1 1
126447 2 10223 1
591338 390 18 1
798747 1 1 20119
302582 1 18331 1
17138 185 41 1
958575 1 1 16341
597479 1 1 18624
176249 3 1 5436
761691 20904 1 1
123024 1 4109 3
775436 1 9558 1
267547 4 1 4219
558114 1 18825 1
924032 1 12138 1
216371 5502 1 1
392386 1 8405 2
357598 9156 2 1
819757 11951 1 1
912520 1 4 4863
222149 1 1 8186
708496 1 1 10068
259485 1 5375 3
804231 1 10015 2
377052 4 1 3462
291963 12694 1 1
322561 2 1694 6
250578 1 1 12364
228246 10316 1 1
774266 9019 2 1
574322 1 3 4192
290276 1 14614 1
687921 2 1 9843
562741 1 1 15628
398207 3 1 3173
292440 19792 1 1
471492 9 1 1485
661402 4748 3 1
15178 1 1 15444
13114 12889 1 1
227097 1 2 7313
729340 360 26 2
492157 4805 3 1
262615 1 1 16252
853470 15676 1 1
476677 1 9706 1
225338 1 1 20783
264665 1468 14 1
275906 1 16615 1
249454 2 1 3986
874828 7040 2 1
906518 19215 1 1
888063 1 5128 2
437546 1 1 13325
560155 9661 1 1
587786 6 3 958
839565 1 11524 1
851707 13754 1 1
759160 1 1 16087
198831 1 1 15073
809325 4 1 4875
401577 6 1639 1
602346 7391 2 1
923 1 1634 9
352483 1 1 18807
564966 1121 1 10
687386 2356 8 1
70511 2 5228 2
849481 1 1 14185
632861 1 14526 1
398798 7052 2 1
351489 19445 1 1
192159 4 2343 2
719509 12988 1 1
524462 1 9383 1
263282 5 2 1058
960822 1 1 14768
425018 3654 1 4
257636 2833 2 1
624966 1 2 4745
720855 18 1 1128
364002 8 1 1530
498807 1 1 12311
946461 1 1 6273
625248 5665 2 1
397036 1 6345 2
87226 1 13069 1
736117 6514 1 1
405546 10787 1 1
554271 1 1 13576
275616 13416 1 1
561106 1 1 19569
843983 18845 1 1
893125 1 5990 3
951761 1 4538 4
656755 6161 2 1
604469 1 4 5115
904098 1 1 12094
84494 7000 3 1
976894 1 5365 2
95626 1 13732 1
232906 1 4748 4
813611 1 8393 1
544437 8531 1 2
97342 1 15512 1
583718 3 5446 1
627877 18495 1 1
903047 9892 1 2
901321 1 1 3015
733024 1 12946 1
953005 1 1 19100
902020 5 1 3693
997690 4 3997 1
788579 1 18486 1
41413 1 2 10347
890773 3287 3 2
811990 2 2 5066
993990 13110 1 1
788205 1 2831 5
176203 1 3610 5
834602 1 12700 1
750152 18790 1 1
394949 3 1 6240
357434 2 4778 1
603819 1 1418 11
786106 18294 1 1
376673 1 15189 1
753871 1 1 14027
557826 1 1 16468
266278 16432 1 1
753643 10513 1 1
47888 1 1 19922
322313 1 1 8395
595710 2 974 5
252154 1 20243 1
950004 1 9983 1
727757 1 10637 1
433611 1 1 19470
686979 1 2004 2
352328 1 15451 1
105184 20403 1 1
836422 1 1 13479
777591 1 11164 1
237165 1 10089 2
18051 1 5447 1
748739 1 1 15682
185999 1 19477 1
397553 6264 3 1
699167 1 1 10816
578006 1 13266 1
53714 1 20340 1
972559 1 5365 3
76556 19459 1 1
422349 5 1 3376
644873 1 2334 5
478259 1 3 4232
607501 1 1 19128
840022 1 1 20591
766405 1 572 23
629370 1 1 11642
195052 1086 1 11
211141 1 1 19493
269700 4 1 4895
543354 1 1 19762
507605 1 1 12075
711459 1 1 16886
149737 8382 1 2
385885 1 1 9485
446319 2 10370 1
149151 16463 1 1
218510 1 5513 3
274563 3630 4 1
877630 6864 2 1
231652 1 12992 1
41492 12931 1 1
678644 1 2 9957
396150 1 13887 1
973627 1 4085 3
992912 3 1 5790
508580 184 113 1
802147 1 3184 5
385667 14091 1 1
129800 2 1 7881
952079 1 2 6938
845626 1 1 15679
436666 1 1 5473
981521 4099 4 1
614916 3 1 5622
900040 6801 1 1
28732 20100 1 1
853647 2 1 9269
354982 534 30 1
218885 1 16663 1
487161 1 12420 1
687491 11044 1 1
11219 1 1 8370
993494 20685 1 1
26646 7 1 1520
554544 19163 1 1
387116 1 2 9826
454931 1 8760 2
370547 1 1 17048
305040 1 4 4696
602061 1 3221 4
356712 1 20953 1
746943 2785 5 1
736689 10636 1 1
941405 19873 1 1
261319 9357 1 1
590958 3 1 6105
881040 1 1 19549
49575 1 2 7366
655460 3 1 3720
412173 1 12821 1
340176 1 13488 1
104523 4 1 4830
24158 13553 1 1
638062 3 2 3044
788483 8911 1 1
48829 8482 1 1
771263 17769 1 1
660331 9186 1 2
456603 1 1 15121
256419 3 216 27
323721 3 1 5336
748006 3 1 5829
44623 1 15931 1
245342 9178 1 1
543229 17807 1 1
322142 1 2790 5
269201 1032 14 1
416814 1 9460 1
866414 3 1 5853
176050 1 2 7332
321955 19938 1 1
444496 1 1777 9
937672 1 14845 1
811974 1 1 17769
485528 10763 1 1
57279 10026 1 2
460581 1 7087 2
274678 1 5645 3
43734 1 1 7619
777395 2 8489 1
309338 2 1 6797
710441 7 1 1313
832021 1 4576 4
639159 12680 1 1
324258 2 1 5369
648174 1 5080 2
349019 12254 1 1
123527 3 1 6300
199641 9015 2 1
769526 2 1 10201
559553 976 4 1
720582 1 4161 3
982603 18539 1 1
131491 1 1 20164
781281 5996 3 1
906410 931 4 4
741406 2709 4 1
721362 1 11658 1
396514 1 2 9881
620762 2 1 7877
276170 10071 2 1
197050 1 19523 1
172970 6019 1 2
94010 6 1 2581
909885 4213 3 1
667759 1 16971 1
883166 1 1 17092
305978 6674 3 1
373476 5407 1 3
536274 1 773 19
279067 921 1 7
269246 2 8558 1
225631 5 1 2266
533266 19623 1 1
776816 1 1 6806
43653 5421 3 1
798302 1 1 9271
519706 9567 1 1
353977 1 1 9776
502349 1 1 8590
364263 1 12940 1
728661 1 6828 1
386232 1 1 14166
435968 4544 2 1
466769 1 1 17520
600195 1 1 11397
630061 1 1 17143
751186 1974 8 1
597020 2 9658 1
735370 6874 2 1
195342 1 1 15331
126090 6115 1 2
406342 1 5109 1
442200 10737 1 1
455730 2 4843 2
185596 1 3 6964
954727 1 1 12323
577431 1 1 20656
328631 2 1 9707
663214 1 1 10832
971396 2 1 8861
74188 2 1 9697
497677 1 2 9756
103329 2 6666 1
879505 1 1 16777
73155 1 14659 1
621911 1 1 17954
746384 1 15277 1
119356 9 1 1749
70680 1 1 19904
118126 4 1 3035
300497 1 16152 1
812518 2 1 6032
262500 1 15723 1
886949 2 1 4203
217017 5 1 2018
398709 4476 4 1
404494 8331 1 2
69872 2 1 3917
849034 2 4854 1
518004 19436 1 1
712550 1 1 11501
447001 1 1 16036
623950 1 1 10999
82775 1 5059 4
402269 4 1354 3
764099 7718 1 2
942148 20358 1 1
402078 18192 1 1
723720 1 2356 8
353679 1 1 19760
527026 83 45 2
780297 1 16704 1
35191 1 19323 1
409953 5 2489 1
162782 5782 1 2
841403 5594 3 1
5698 1 9484 1
37449 4598 4 1
322726 17071 1 1
363187 1 11525 1
578946 1 9938 2
26537 14591 1 1
993506 2 1 6253
362116 1 6595 2
443782 12609 1 1
589476 1 15179 1
107441 1 1 8231
382921 2 1 5665
624881 20783 1 1
554883 7 1948 1
478932 7 1 2622
111861 7020 2 1
550518 1 16734 1
162989 1 1 17800
607461 2 7111 1
161696 2 1520 6
142877 2 1 9041
151496 1 11217 1
190887 16520 1 1
798018 1 15618 1
901340 4330 3 1
948771 16725 1 1
478935 10969 1 1
34321 1 1 11739
704370 15559 1 1
18875 1 20356 1
309506 3 1 5047
462057 1 20179 1
17908 1 2 8624
760499 15590 1 1
706427 1 9254 2
870658 1 1 19894
792598 1931 7 1
173319 2 1 9919
265999 7689 1 1
750155 1 145 91
18720 1 9256 1
130670 1 5 2183
234479 13139 1 1
533771 19989 1 1
65625 7706 2 1
913451 1 2 3327
903688 634 26 1
281353 1 18709 1
996031 5017 1 3
475104 1 17032 1
493913 1 1091 1
915847 1 2 6024
198065 12568 1 1
414610 1 1 19986
136998 2554 1 1
180825 18437 1 1
478781 1 13680 1
594117 1 13935 1
600243 1 1 14020
389853 49 1 406
665035 1 1 16585
950547 2 1 8728
279874 1 13820 1
56860 18297 1 1
218384 14518 1 1
591159 1 1 11956
836561 1 5089 3
872521 2 1373 5
331803 3 2 3184
504272 1 6199 3
204159 2 1 6255
165797 1 3482 1
413274 6 1 3204
658120 7 1 2472
375793 2 1 7603
660951 1 1 17028
454173 1 1 11306
115668 1 1 11100
976340 1 1 10758
419548 14449 1 1
252872 1 11428 1
578755 1 11762 1
315636 25 10 30
425868 1 2 8037
710062 1 11849 1
233547 16690 1 1
427182 196 79 1
994523 1 20056 1
550009 3 2 2982
565832 19607 1 1
490699 3 3106 2
416843 14213 1 1
873792 1 1 14167
142558 20688 1 1
104043 10497 1 2
687009 1 18588 1
512145 2 1 8535
903166 1 1 17901
921669 1 1 13802
746898 1 8375 2
30543 9775 2 1
912871 1 14434 1
451726 1 11 1567
253004 1 1 12649
366319 1 1 12788
941020 13347 1 1
411996 261 61 1
175268 1 2 8960
301708 5499 1 3
966095 13457 1 1
625895 19722 1 1
143321 1 16166 1
190282 1 16615 1
774719 1 15078 1
749473 1 20894 1
93556 8620 1 1
669762 2077 7 1
532483 594 35 1
873717 20050 1 1
816692 1 2 8981
838547 1903 11 1
568754 19310 1 1
686094 15619 1 1
738131 6501 2 1
153237 1 1 17147
783247 2 1 3858
431857 1 1 11465
576310 1 17596 1
930031 1 1 20776
845338 47 1 408
966941 1 12502 1
375023 1 1 19202
836646 1 1 10598
667113 4 1 4712
488103 1 1 16604
860416 1 1 14081
357823 1 1 13998
821315 1 1 11380
657197 2 6626 1
503066 2 5198 1
293900 1 1 20867
725801 2 1492 7
212266 7809 1 1
851448 1 13315 1
368052 7266 1 2
344858 1 2621 3
80562 1 10630 1
981587 1 1 11307
790801 3 2 1792
7223 3 1 4794
402799 14546 1 1
329122 1 1 16712
618393 1 11365 1
238994 1 4008 5
911978 5463 2 1
418197 1 14300 1
657236 2329 9 1
277170 1 1 14857
975947 1 1 13056
758616 1 1 14925
670573 10187 1 2
763409 1 13620 1
764924 1 1 18597
851917 2 1 8712
239436 12471 1 1
772085 1 3890 3
828636 1 14245 1
710721 1 5 3136
779313 1 7661 2
169995 14144 1 1
341295 4 1 4680
924465 1 1593 7
463333 1 14464 1
844065 2 1 6545
527645 16026 1 1
755732 10016 2 1
20868 2 5823 1
960989 8563 2 1
418878 1 3 6490
643207 20340 1 1
660449 2 1354 6
550201 9546 2 1
160903 15640 1 1
759721 1 1 8458
870339 1 18248 1
394007 385 54 1
178735 1 20797 1
555305 1 437 40
593604 1 11115 1
445733 1 1 14664
404273 10500 2 1
483265 1 9186 1
639901 2 1 7808
915817 14518 1 1
218870 1 12779 1
880894 1 1 16387
265363 1 19193 1
526470 1 1 12090
714343 1 18819 1
784824 1 14363 1
109117 7074 1 1
656649 3 1 6403
834330 1 4450 2
341279 1 17433 1
200207 10411 1 2
274631 1 1 10726
382751 5 754 4
456965 1 3497 5
43577 42 390 1
164939 1 12615 1
405369 1 3674 2
6030 1 117 104
440153 1 7322 2
653669 7282 1 2
948980 1 4539 3
992048 1 17262 1
996129 1 834 18
682943 1 19681 1
945303 5683 3 1
856524 17414 1 1
360857 13891 1 1
827352 1 947 11
286519 9897 1 1
181034 2130 2 4
807448 12706 1 1
609014 18133 1 1
498933 1 3476 1
550703 1 14351 1
740653 5544 1 1
567883 1 13706 1
226188 1 8607 2
809159 15516 1 1
34032 10007 1 2
988193 1 15147 1
285810 1 15781 1
615609 2 1 9190
896694 1 14274 1
292104 1 20128 1
881133 14864 1 1
645359 1 18259 1
148781 18656 1 1
516246 13130 1 1
843472 8681 2 1
407494 13984 1 1
832683 2 1 7254
293932 1 10673 1
732391 1 1 7525
942272 8425 2 1
85675 1 15043 1
990211 5845 1 3
188468 20326 1 1
422943 2 4062 2
443857 3 2 3418
215071 13226 1 1
554700 3627 5 1
18843 1 11914 1
222223 141 84 1
819154 1 12288 1
695165 7238 2 1
845098 13110 1 1
161660 6212 3 1
414043 1 1 15897
40617 1 7081 2
909169 19321 1 1
265834 1 17091 1
956152 5814 3 1
261564 185 103 1
219712 1 1 14638
25847 1 13147 1
120618 1 11372 1
334288 1 14229 1
764975 7 1 2449
39915 2342 1 8
352363 1 12191 1
331706 2 4 1461
701047 2 2 4538
712196 14281 1 1
247505 1 2 10262
502695 2 3605 2
670597 1 5318 3
367107 16383 1 1
931541 12 1 1294
611804 1 1 17568
352072 8504 2 1
366232 1 5278 1
797070 1 15959 1
625953 1 18246 1
552593 1 15046 1
886940 1681 10 1
135124 8157 1 1
131537 13417 1 1
758424 2 1 5925
773493 7831 2 1
972488 2634 1 3
406583 14364 1 1
420551 1 16977 1
179841 1 1 12497
421491 1 16544 1
436675 1 20703 1
129753 9630 1 1
916066 6263 2 1
151801 2 2 4152
359363 2 1 9916
458572 2169 2 1
973566 1 17921 1
207770 10217 2 1
182446 4 1 5117
909136 1 13561 1
39989 1 10172 1
36820 1 19492 1
107738 1 1 14956
990331 19632 1 1
876066 5681 1 3
563973 2 1 9482
221816 12774 1 1
843803 1 19096 1
14207 9 4 480
800782 1 3715 5
302659 2659 3 2
604068 1 1 13428
254505 1 10276 2
622735 8271 2 1
412166 13439 1 1
378470 3 1275 4
636191 1 1 7254
294883 9814 2 1
61105 2 1 7310
429607 17272 1 1
389079 2287 1 6
555021 1 12991 1
806592 1 1 13550
302645 1 1 16785
338183 3 5139 1
795137 1 1 12404
30013 20383 1 1
636525 2 1 10015
307418 1 2 6324
397109 11 1 1280
88951 1 20871 1
974873 12717 1 1
522501 1 1 15723
10608 19712 1 1
517621 8883 1 2
996142 1 14695 1
910505 1 1 19293
533076 7295 2 1
528516 9 1 1832
897457 1 1 12275
875516 5287 1 3
173223 11246 1 1
425060 1 5583 3
89691 2 10344 1
191479 14187 1 1
84120 4 1 3882
464280 1 1 14826
283793 1 11778 1
460689 1 1 17114
813041 4 1 4691
190994 14245 1 1
16605 15198 1 1
794985 1 1 17522
76266 1 1 18230
559877 1 17965 1
574597 1 8087 1
987578 1 2 8689
200660 1 2835 6
871513 1 15611 1
827331 1 1 14216
952974 1 1 15546
427786 10171 1 1
712465 1 2 8863
135764 1 6470 2
687172 2 9175 1
416501 1 14838 1
187694 19156 1 1
588160 1 1 18961
541969 5 1 3180
915082 1 2024 7
415089 2 1 6038
523232 1 1 7543
143610 13757 1 1
921786 19451 1 1
392186 1 1 14842
279146 1 1 10524
377721 14411 1 1
367923 13012 1 1
495949 8050 1 1
797709 1 8241 2
39817 17224 1 1
173891 18606 1 1
246789 3884 5 1
426257 1 17421 1
827582 14206 1 1
138874 1 1 13133
646468 7 1 1719
63560 1 16315 1
230892 1 1 15534
858633 9464 2 1
926420 2 5737 1
989384 17431 1 1
704952 2494 1 6
796748 9861 2 1
591884 1 1 19350
480499 2 9256 1
653561 1 16218 1
807847 1 11588 1
12830 5 1 1276
566876 1 1 20629
104560 9147 1 2
517522 2 1 8507
327130 2 7276 1
343019 2 1 8544
919206 3 1 3871
885923 1 2789 5
173803 1 1 5577
647828 1 10700 1
611512 4 1 4794
776940 11628 1 1
684059 964 2 2
940322 9 1 1618
873533 7206 1 1
495262 2 6403 1
898436 19197 1 1
32638 1 1 10672
692647 5705 1 2
395019 13221 1 1
363534 1 1 14749
237016 2 3 1381
523789 1 1 15766
753846 13231 1 1
94066 1 1 12339
462593 320 13 4
532634 7534 1 1
488117 1 1658 7
309988 15411 1 1
862644 4 5067 1
933236 8661 2 1
835712 13 1 1604
359910 1 1 16857
499908 1 1732 9
699185 1 11258 1
566358 11706 1 1
196566 4 1956 1
115539 1 20993 1
6095 1 1 11729
228981 6234 2 1
250542 1 1 13193
507696 1 16271 1
705494 915 14 1
56885 4268 1 4
323690 6 395 5
639995 1 1 17740
167662 19882 1 1
524299 1 1 12020
213064 1 20451 1
149388 10941 1 1
761230 17435 1 1
334916 1 1 20800
137958 1 7331 1
939917 1 1 16216
688579 17734 1 1
848278 1 1 17737
981703 18629 1 1
703172 1 16831 1
393297 1 7898 2
257802 14582 1 1
221821 15315 1 1
581193 1 1 18276
672082 16730 1 1
194336 1 7265 2
923903 12 899 1
703812 1 14527 1
316452 6916 1 3
155990 9 705 3
655366 2 90 102
5479 17626 1 1
255209 3 1 6488
271552 1 17001 1
407845 19514 1 1
889958 13457 1 1
344371 15819 1 1
468876 1 1 16054
816944 4 4319 1
775118 1 1 12032
743506 17631 1 1
768914 5 1 1712
29472 60 124 2
978164 3 1 4483
714772 1 14472 1
963756 20388 1 1
900787 7546 2 1
419899 6683 2 1
685584 1 1 19083
403419 2 1 9712
480144 1 1168 11
964205 1 4459 3
523266 3 2 2358
938601 1 4948 3
301530 4 1 4738
152474 2 1 9060
742671 1 1 16553
218662 1 16400 1
61562 2 1 6203
802752 1 2034 8
370378 5520 3 1
26594 1 7346 1
867097 1 19285 1
878366 1 3 4678
896266 10690 1 1
417091 1 18551 1
587821 6623 1 2
365522 4880 1 4
236520 2 1 7708
851259 1 14842 1
915969 1 16745 1
249533 9 1 2236
447659 1 19792 1
617808 2628 6 1
420657 19016 1 1
561006 1 1 18242
6765 341 52 1
821657 3822 1 1
638020 1 3 4571
609067 1 2112 8
503437 4543 4 1
613241 3 1 6264
388437 1 3621 2
788015 1 13889 1
485438 1 8986 2
257859 2 2 2661
308560 1 1 18067
455198 1 1 16653
807573 1 9712 2
383745 1 1 8112
236993 1 1 15521
590202 19 1 757
608748 1 1 11180
499467 1 16246 1
400535 1 1 18348
397445 2 1 6040
28076 1 5635 2
529906 9828 2 1
313345 12758 1 1
219460 4 1901 2
535335 1 1 15937
175372 18401 1 1
446423 1760 11 1
690023 1 1 10587
845207 13154 1 1
113933 1 14563 1
357486 1 20355 1
342875 13030 1 1
291829 1 11013 1
842008 16263 1 1
583216 1 1 10941
942562 16272 1 1
142157 1 5999 1
860779 1 18456 1
839855 2 1 1993
725614 1 19604 1
650900 5374 2 1
629890 5983 3 1
231304 1 20962 1
749547 1 1 10922
129761 18199 1 1
439699 6423 2 1
40984 10283 1 2
145560 6268 2 1
935825 19049 1 1
687707 19085 1 1
892546 1 6047 2
857894 1 1 14021
294179 1 3092 4
910872 9 2238 1
90609 1 1 14677
676694 1 17819 1
720004 1767 10 1
600791 1 1206 15
473128 2 3 1441
861337 1 2 9477
35858 20142 1 1
606751 13280 1 1
377205 17007 1 1
210878 1 15646 1
134398 1896 8 1
303601 1 1 20283
952276 9032 1 1
548849 25 1 591
316226 14447 1 1
532242 1 18944 1
309490 2 1 6223
717736 1 1 17975
449981 1 1 11106
185632 1 18024 1
105904 1 1 15247
634575 1 2961 1
649414 14471 1 1
991250 1 7858 2
890791 6611 1 1
819377 40 1 380
578659 1 1 11677
963283 1 1 15676
115925 1 9659 2
149607 16289 1 1
666747 11262 1 1
229089 1 10621 1
855793 4 1 2547
856928 1 10878 1
99646 3 918 3
6515 1 12079 1
30872 12518 1 1
721950 1 13749 1
664443 1 1 18786
744214 1 2 10180
485699 2 1 5330
46047 15140 1 1
155781 2 1 8843
133564 1 573 20
412563 1 9573 2
759795 12764 1 1
898094 14688 1 1
744709 8 1 2299
414385 1 1 18887
381545 7 1 685
692881 2 1776 5
524463 18404 1 1
346240 1 12072 1
95071 13422 1 1
559651 1 1 16998
738696 1 1 20925
448971 13847 1 1
938277 1 14781 1
210459 18076 1 1
951371 1 15774 1
889183 1 2 4309
632040 10234 1 2
170963 15162 1 1
96901 1 9949 2
525521 12 1 1724
416210 16525 1 1
789468 3 852 4
310875 2196 6 1
133095 11978 1 1
441760 1 1 19088
100060 9273 2 1
403647 13885 1 1
965268 1 16459 1
992856 1 1 9368
992633 15565 1 1
985575 1 17418 1
840920 12976 1 1
669950 15893 1 1
297840 11145 1 1
711585 1837 8 1
256360 1 1 11992
191504 2948 6 1
115859 14560 1 1
638763 3 1 4204
686441 1 9077 2
675328 571 27 1
853222 17639 1 1
232471 1 11820 1
12109 15678 1 1
289072 2846 5 1
152874 95 57 1
135224 1 1 8105
2051 15335 1 1
677655 8996 2 1
307219 11198 1 1
862141 1 1 15537
516400 2 600 17
102702 20655 1 1
68 1 16580 1
951957 1 20776 1
740268 11863 1 1
921313 2 4 1241
506392 7036 1 2
862790 2924 1 3
318154 17965 1 1
792646 1 20561 1
233118 13400 1 1
266141 2962 4 1
21533 1 13734 1
687837 1 16161 1
75826 4 1795 2
988629 1 487 35
547686 11100 1 1
82930 1 1 8684
190678 2 5010 2
677814 2 1 9594
712710 3 1 5669
693021 2 9496 1
576079 1 9231 2
301567 1 1 15139
169762 1 10649 1
278420 4091 4 1
168444 1 1 10587
343119 4 3393 1
783242 1 2 8637
864726 11385 1 1
194098 18568 1 1
829429 1 1 17751
852976 1 15492 1
568221 1 2 9408
671357 1 6009 2
222525 1 1 15458
443840 11875 1 1
741157 1 1 18939
612465 1 3253 6
640987 10449 2 1
196665 1 17406 1
922528 1 1 5089
778061 1 1 7106
935316 2 1 8443
469020 1 1 17383
822202 2 9381 1
145612 1 16327 1
339584 1 7652 2
10035 10025 1 2
611904 14089 1 1
530638 16 1 1239
502913 1 1 18670
796647 14924 1 1
186231 16519 1 1
517488 8619 2 1
32569 2 2751 3
235435 1 14396 1
582882 3 3343 2
794528 1 1 18284
367723 4 4 743
557534 8640 2 1
657373 3 2 3055
247856 1 14888 1
321967 1 11094 1
200437 1 14616 1
1703 2 668 10
640784 1 19518 1
724352 18690 1 1
256076 2 9751 1
696300 14119 1 1
767007 1 1 16672
427924 1 1 12692
283415 1 1 15098
667638 15676 1 1
807160 1 2 10012
11267 1 1 3846
845331 1 1 18229
159092 20465 1 1
606546 1 7224 2
455230 17506 1 1
391598 650 11 1
266228 12195 1 1
992012 13877 1 1
763627 1 1 12290
830148 1 19273 1
815644 1 12612 1
452867 9 1 1716
639417 3 1 5081
715373 1825 2 5
267309 14426 1 1
82984 1 1 20787
766334 1 9170 2
214822 1 1 10649
216664 7977 2 1
834 1 8152 2
826990 1 1 10673
78646 20206 1 1
488994 1 7139 2
411325 1 12103 1
279863 2191 9 1
954843 12476 1 1
131892 1 1 18562
412623 2 1196 7
959008 1 13480 1
999569 5163 3 1
470262 13873 1 1
951142 1 1 12980
896191 2 1 8448
840172 1 1 14738
905179 20615 1 1
47207 14672 1 1
34883 14055 1 1
349127 1 13469 1
621222 1 5166 3
294390 6668 1 3
893471 14595 1 1
383867 14606 1 1
216207 1 1 7633
418667 1 18500 1
324005 2 3 1481
325067 1 5371 3
190877 812 13 1
837538 9344 1 1
312928 6713 2 1
6023 2 801 11
232708 4252 1 1
563874 1 7514 2
912154 1 4884 2
166565 1 15311 1
666016 1 7351 2
845434 19914 1 1
407739 2 1 4041
220101 1 1 14194
277824 1 2057 3
310348 1 1 16735
293321 1 1 11947
480536 1 15230 1
468919 16404 1 1
831725 20206 1 1
989794 1 5246 2
212206 1 1 16220
13614 3 1 5088
661593 1 1 12563
178553 6936 2 1
815055 18316 1 1
604560 2 7387 1
46587 1 1521 4
411583 1 1 11003
211554 1 10264 2
678783 1 12111 1
332043 1 17318 1
730607 1 15767 1
399054 2 249 31
443371 1 3 3109
341965 133 146 1
531471 1 14160 1
71308 1 20216 1
211405 8335 2 1
888332 1 1 6267
603193 18326 1 1
635232 1 2070 10
97986 3 1 5019
773296 19883 1 1
43678 5 319 9
500536 20236 1 1
144 1 1 20858
469113 1 13576 1
653423 1 3580 5
329045 2 1 8120
522029 4329 3 1
671753 1 1 14318
709323 11024 1 1
324243 1 1 17033
583096 1 4649 3
369513 1 15621 1
940397 7988 1 2
447111 1 20011 1
701371 2 3429 2
558060 34 77 8
288394 17964 1 1
236298 1 2528 6
361346 2 1 4626
760501 5 4132 1
641676 14353 1 1
551031 5 1 2674
505683 20085 1 1
500555 1 20784 1
643161 4288 4 1
570549 1 9287 2
732554 13761 1 1
578970 10633 1 1
985879 1 1 10647
157221 1 4784 3
55733 6 1 3075
3076 4 1 4852
239240 1 15266 1
530052 24 2 324
962751 1 2 7123
529446 1 13184 1
348973 4081 5 1
245035 1 19197 1
675483 1239 14 1
75694 4 1 4849
197019 1 1 19312
485746 14008 1 1
374594 11131 1 1
513955 1 1 12778
962947 20342 1 1
855714 1 1 14477
836683 3 1 4186
359738 5813 3 1
424285 1 1 11105
403628 1 1 20973
679493 1 15281 1
817164 1 1 11372
648744 20168 1 1
208045 1 19062 1
497421 19580 1 1
615560 3 1700 3
341144 1 1 15163
755489 1 2305 8
516483 7865 1 1
583580 1 1 12330
367822 1 6 1649
699594 7578 2 1
780719 4 2137 2
994292 168 1 101
194205 5869 2 1
418022 16554 1 1
771437 4789 4 1
602696 1 20190 1
1854 18099 1 1
770020 414 5 4
424250 2 1 5594
37621 14429 1 1
979981 2 9028 1
573952 1 1 12002
753804 1 1 7325
395454 13639 1 1
922579 1 2499 1
921898 1 1 12033
23505 13917 1 1
391456 1 18526 1
479360 1 2666 1
554847 2 1 8890
694206 19098 1 1
917675 16420 1 1
913391 15566 1 1
316640 5398 3 1
828412 1 1 12183
1479 2569 2 2
270515 11276 1 1
817762 1 2 8582
471293 1 1 7953
467112 13455 1 1
183237 1 1 13394
831720 13859 1 1
624827 1 16827 1
835540 3 5413 1
660724 4322 4 1
134912 1 13408 1
417575 1 1769 7
862083 1 12467 1
611540 1 1 20440
608538 10215 1 2
859309 4 1 4942
677996 4 1 2873
322195 3365 5 1
563466 1 8312 1
25989 1 3331 4
343924 16983 1 1
860950 7805 1 2
626437 2 5793 1
931428 1 14134 1
163392 1 20226 1
527030 3950 5 1
134614 1 19083 1
573907 7701 1 2
273326 1 1 8067
418611 9963 2 1
498658 1 19886 1
378067 1 19228 1
299948 3770 5 1
538324 3 6040 1
656230 1 1 14803
244638 18118 1 1
916694 186 100 1
404507 6828 3 1
242684 1 9712 1
342531 1 1 12540
999550 1 6759 2
942896 1 6358 2
971160 1 1 20236
526015 5992 3 1
56440 1 7032 1
324448 4927 1 4
977740 18264 1 1
544370 1 1 5688
46056 5 1 3483
679648 2542 7 1
837101 1 585 6
356543 1 17432 1
880168 1 9325 2
733108 4 1 3431
652703 1 1 17698
170015 1 8250 1
200732 3 1 6399
136420 1 1 10712
582054 2 7670 1
679453 1 1 10539
746629 1 1 17897
151444 3 1 2304
72376 10613 1 1
221449 19183 1 1
57260 1 1 11460
95808 1 20062 1
837989 7492 1 1
284543 1 1 11275
739506 1 1 19194
31202 1 16857 1
692479 3 5287 1
58564 1 13800 1
850225 1 13233 1
237288 1 1 17012
173055 4 2 2039
752373 1 1 11822
445901 2 9442 1
459207 1 1 15436
651848 1 1 11922
714972 1 20253 1
134554 1 1 11208
138785 1 1 14064
558285 1 1 17519
210156 1 1724 10
74114 1 1 7852
68897 1 3 5801
53148 2 1 10139
252668 4 1 4553
832178 1 1 13414
207164 15225 1 1
122325 1 6060 3
285926 1 2 8408
624867 17965 1 1
491409 5137 1 2
556030 7173 1 2
243017 6046 2 1
507762 1 10486 2
654943 792 16 1
173828 1 1 15693
154819 3437 3 2
78215 4969 1 1
182373 11 1 1431
793416 2 9951 1
975635 1747 2 1
114787 1 1 17669
996544 1799 9 1
732738 12615 1 1
728253 1 10071 2
720501 1 1 11573
311801 1 5647 2
923231 1091 3 5
263995 1 1 11698
289788 1897 10 1
193367 1 7025 2
692145 12315 1 1
867147 11314 1 1
901349 6941 1 2
495012 15 2 572
540695 1 1 17971
886351 5 1 3742
34753 14903 1 1
599093 1 1 17985
474290 1 13663 1
960532 2 5989 1
921929 1 1 14623
447545 1 1 17593
473303 1 1 11059
637790 1 18332 1
554471 2 2869 2
580387 1 1 16039
342461 2 10483 1
259491 1 1 17763
748829 1 6408 2
523136 18360 1 1
501917 1 603 15
309632 4 811 4
842309 4 1 1721
191489 18733 1 1
48370 2 2 4391
824996 10851 1 1
964670 1 1 14920
988787 2 8406 1
693238 1 1 18901
527197 237 33 2
666655 2 1 9680
730312 5 1 2368
460741 1 10438 2
88029 16797 1 1
550393 1 16739 1
638872 1 1 16167
551573 1 2 9851
916568 1 10028 2
233733 16087 1 1
361815 12426 1 1
998230 10037 2 1
795277 2 1 7872
412100 12012 1 1
195381 1 1 14454
396032 13663 1 1
108629 2 1 4579
236908 1 16155 1
412513 19337 1 1
578282 3314 4 1
484899 16649 1 1
558000 1 16350 1
884352 1 3796 2
894449 1 1 14424
278659 13 1 884
548884 4507 1 3
996982 1 18878 1
980472 1 1 16309
341322 1 981 10
365421 1 9076 2
728495 15005 1 1
902942 1 4 2057
747899 1 2 7099
522293 19124 1 1
29337 1 10399 1
604265 1465 2 5
73315 1 1 17579
880343 9717 2 1
348664 1 8 684
966494 1 10782 1
833447 11364 1 1
592966 1 4867 3
49999 1 6388 3
552082 1 1 17330
497782 1 13229 1
638990 3 1 5365
993278 1 1 9381
863481 10749 1 1
575432 10139 2 1
520812 5544 1 1
668884 3 2 2218
356194 1 16858 1
906980 1 1 16701
526722 3 2418 1
496505 1 4609 4
180301 28 1 560
623302 2 1 9871
551525 20810 1 1
48440 3 2 2549
187754 20402 1 1
154461 7514 1 2
86106 1 1 14596
849538 1 1 14242
468708 1 8957 1
508871 1 17115 1
822359 1 11580 1
234844 1 1 16183
804687 1 17420 1
778940 1 10659 1
954938 1 17433 1
143687 1 16231 1
539306 1118 2 6
530185 1 1 14774
727938 10 564 3
296393 1 6 1691
397993 8400 1 2
858467 1 1 15767
919099 1 17454 1
410974 3 8 501
924842 19259 1 1
118156 7142 2 1
779217 1 1 17148
765186 2 1 5090
638808 3345 4 1
697392 1 6205 3
379927 10948 1 1
596277 1 1 12584
543126 4 1 5022
822643 3736 4 1
135702 1552 8 1
901861 9448 1 1
55645 1 12628 1
965686 15858 1 1
86161 35 1 579
259568 1 1 12959
757866 1 1 10588
158150 8137 1 1
155795 1 14058 1
602421 3 1 3710
888291 1 7695 2
863697 1 146 100
434540 3904 3 1
573684 1 15614 1
80610 1 19763 1
378643 18542 1 1
392702 18749 1 1
765647 19113 1 1
734917 1 1 18754
94106 18115 1 1
325047 2680 1 6
465016 8655 1 2
258048 1 11982 1
384575 1 1 14323
405380 1 1 15201
757973 1 1 9661
225831 1 1 16045
654502 5265 1 1
600438 13388 1 1
530454 1 2245 8
287378 15713 1 1
405179 1 16254 1
409189 16872 1 1
414732 2 8195 1
772199 1 1 13444
371220 8676 1 1
933042 1 15358 1
10138 6287 2 1
522656 1 4 4885
495695 32 1 644
756218 2 8817 1
835079 1 1 16947
148674 1 18432 1
652657 1 20870 1
109021 14 8 186
812561 1 1 20343
332900 12556 1 1
416150 2 1 9313
311282 1 18811 1
734460 1 10233 2
268021 1 627 16
930788 1 1 19091
771754 3 1 4150
12300 1 17873 1
432980 6812 3 1
355798 1 8727 2
769468 1 17026 1
95075 1 9978 2
894152 623 24 1
997041 11922 1 1
313414 1 14427 1
619137 1 20634 1
268539 15776 1 1
220894 1 1 15611
774944 2134 3 1
179074 2168 7 1
91183 1 15825 1
655281 12465 1 1
363917 1 1 11180
181880 8152 1 2
775507 18869 1 1
860717 2 1 4559
69622 1 2 7199
394735 1 1 18164
285359 2 205 49
696265 1 3 4241
38154 1 14090 1
423867 3 1 5021
149006 1 11289 1
278256 17350 1 1
552977 1 10511 1
568787 1 1 11406
254050 10855 1 1
153010 900 1 16
695222 1 13765 1
313964 1 10134 2
78958 1 1 18313
17456 2 4543 2
222037 2 8601 1
453454 1 1 14518
398938 1252 7 2
188460 1 14245 1
103017 2824 3 1
985916 1 3 4402
888071 1 14880 1
553337 1 1 15284
950580 9509 1 2
495864 17980 1 1
404110 1 3238 6
451569 1 11193 1
906336 1 2633 3
823679 13977 1 1
336939 83 82 1
640021 1 11683 1
689662 1 1 16963
217639 1 1 19600
179588 1 4976 2
632306 16461 1 1
537981 4411 3 1
870129 1 1 15127
270113 7490 1 2
825140 1 18321 1
426934 1 1 19463
755231 1 13357 1
848468 1 16876 1
751255 3 5366 1
121546 1 1 17287
485162 1 1 17750
700330 1 7663 2
449569 14696 1 1
692847 1 10898 1
917206 2 3121 1
158911 7944 1 1
105879 19604 1 1
260119 10229 1 1
947046 5 1 3521
864431 14286 1 1
825871 18913 1 1
165745 745 28 1
816467 7742 1 2
250708 5377 2 1
158261 6 1 3229
722113 6220 1 3
961646 8132 2 1
873747 7761 2 1
243021 1 6148 2
476198 1 1 18745
437450 1 1 19202
348675 1 8036 2
455510 1 1 9285
723632 3 1 5921
201903 1 1 16496
593000 11443 1 1
499771 1 12430 1
285684 1 2803 2
379713 1 1 10674
486292 2 1 8925
397475 1 8806 2
927744 18233 1 1
89473 15524 1 1
173896 1 1 15937
648715 1435 14 1
215404 1477 11 1
296435 1 856 24
547043 9493 2 1
801343 4193 4 1
842306 1 1 19762
353876 19070 1 1
791311 12720 1 1
769259 1 13353 1
936404 20741 1 1
597874 1 1 13117
670030 1 979 14
879448 14364 1 1
935331 7 2 1307
952416 1 2655 6
704736 1 1 19952
40184 1 1 19983
95517 12720 1 1
789139 1 13603 1
408279 1 9118 2
867231 13042 1 1
456127 2 1 8688
121190 2578 8 1
601845 1 5610 1
865439 13650 1 1
378827 4421 1 2
732547 19617 1 1
893708 1 1 11130
960649 17839 1 1
170389 1 1 17746
12864 15726 1 1
119471 19239 1 1
297220 1 4886 3
722565 1 18954 1
747227 1 19254 1
74435 15465 1 1
44858 1 12941 1
147515 15252 1 1
466694 1 13587 1
94516 1 14460 1
435949 1 3867 4
575105 1 9543 2
754091 1 9753 2
398201 8 2622 1
531230 6555 1 1
93912 1 2 8694
421551 1 1 10839
280725 175 61 1
622402 1 1 20094
534347 1 1 15078
315217 1 1 15133
285107 1 17400 1
461902 1 16277 1
673440 1 8261 2
111501 1 17845 1
708737 4590 1 4
196584 1 20532 1
52211 1 1 14047
213503 1 1 9455
502042 1 18151 1
389145 3141 3 1
13652 1 2 9814
614799 1 7812 2
76065 1 17736 1
4074 3 1 6718
842234 1 1 15076
498773 1 13284 1
493856 4137 4 1
297118 18964 1 1
590886 1 1 18725
479998 1 17530 1
761187 1 1 18929
156103 1 14842 1
637374 1 1 10058
182414 16 1 1004
8503 3656 5 1
521729 1 1622 12
768466 3 2003 3
889477 1 18003 1
585868 1 12054 1
703109 1 2 6224
209078 1 7849 1
315380 1 5467 1
801379 1 10321 2
917909 2 9888 1
607874 1 1 13587
711516 1 2 9900
299608 9346 1 1
298855 1 1 15822
65543 2 1 8453
695022 18321 1 1
33991 1 1 5983
824695 3 1 3442
340565 1 3467 6
338773 1 10564 1
438938 5 1 2606
637017 1 1 14641
805947 11 2 739
586112 1 1 3838
698143 1 1 13691
193084 1 1235 13
967180 3 8 502
562753 1 1 14427
96365 11015 1 1
344044 3 1 5636
339414 4098 2 2
63446 2 4768 2
849059 1 3610 5
546441 1 1104 14
814802 2 2 3661
600703 1 1 19711
720768 10568 1 1
223666 1 11587 1
327696 9998 1 2
180171 4514 4 1
814516 2611 5 1
553707 1 5610 3
28944 1 2 9941
332689 2 7665 1
858245 6 1 3104
949209 1 2 8853
405647 1 1 12206
224470 2 1 9853
297274 1 12493 1
182958 3 5606 1
858086 2 1 9990
663940 1 1 12098
572762 1 11428 1
266187 18532 1 1
352692 1 15074 1
192150 8 1616 1
293813 4855 1 4
196765 1 16345 1
822587 9632 2 1
89920 1 20112 1
144773 1 1 15697
622396 6370 3 1
823076 1 4754 2
218163 194 11 7
648512 19712 1 1
234388 1 20442 1
816557 1 12135 1
752441 1 16804 1
708859 14288 1 1
418157 1 1 11596
59573 6077 1 2
804840 1 20282 1
991052 2 1 7322
106630 1 6237 2
91559 1 1 13534
728693 6677 1 2
199696 2 1 8629
45102 1 5625 3
305162 338 14 2
545127 1 5918 1
939110 3447 6 1
187586 1 2091 5
695637 1 20777 1
275688 3 1 4002
350854 2 10295 1
2616 2 8305 1
273264 3912 2 2
818131 1 6054 3
895123 13743 1 1
630059 2 1251 8
200080 1 13236 1
469469 16574 1 1
906759 1 9077 2
542243 12662 1 1
585430 1 14410 1
4105 4 1 4141
592149 1 1 18620
599135 1 7263 1
780662 1 1 18288
303848 6101 1 1
242731 1 14000 1
755081 1 16078 1
872037 16553 1 1
652037 1 4648 1
582122 11753 1 1
422385 1 943 21
780780 11729 1 1
992265 4512 4 1
645008 2179 3 1
459710 4640 4 1
413779 8 1 1551
446382 2 8206 1
684332 1 1879 11
616376 1 1 16297
446143 4 903 1
542046 1895 1 6
22001 4838 4 1
108256 1 1 15620
755737 1 16755 1
276174 1 1 9597
23033 1 1 10633
690998 1 11538 1
996330 1 5601 2
198528 7383 2 1
125551 1 1 12935
52331 1 7537 2
549826 9932 1 2
462304 1 2375 7
662228 2 1682 6
687847 1 1 14310
963348 1 12381 1
342907 1 11220 1
395657 1 19491 1
662007 1 1 11195
759711 1 20810 1
108289 1 2 6366
817914 1 7108 2
884286 9371 1 1
771405 9608 1 2
11875 1 6521 3
264549 3151 3 1
807876 3186 1 5
278917 7776 2 1
770858 6 1 2792
33362 1 1 6292
324752 16886 1 1
36247 1 19792 1
549615 1 8336 1
199710 9 10 207
516491 5680 1 3
918637 16121 1 1
154809 1 10246 1
926169 5537 3 1
839323 1245 3 1
351682 3124 1 4
861920 1 1 18023
759333 1 1 12671
918906 22 1 709
23502 4 1237 4
106918 1 1 17496
618030 13144 1 1
500779 1 1443 6
542493 1 19486 1
464564 1 1 16436
46352 1 12132 1
244302 15575 1 1
139500 8403 2 1
556564 13185 1 1
180418 1 6057 3
636466 16317 1 1
633058 2 2 2823
190625 1 18823 1
949619 5 2927 1
104521 14860 1 1
622933 14269 1 1
542509 11999 1 1
918562 2 1 10434
763896 1 14575 1
245718 13977 1 1
717963 12965 1 1
486852 4939 4 1
689712 1 17508 1
714259 18945 1 1
743179 1 11837 1
326399 1 12760 1
463665 2 8906 1
636493 2510 2 1
117706 1 1 12210
199596 19689 1 1
980339 1 2310 5
170656 15360 1 1
95082 1 9905 2
879912 1 15679 1
952990 14 1 1005
722875 3 1 4764
678236 1 1 13662
782978 9696 2 1
595767 1 1 11160
236572 1 1 11919
587318 1 2850 5
853264 1630 5 2
749038 15927 1 1
878013 1 1 17503
264420 10285 2 1
31571 16412 1 1
221107 1 12911 1
259021 1 13974 1
427955 1 17821 1
992158 14865 1 1
384563 1 5118 3
212799 1 4102 1
300231 19197 1 1
491393 5253 2 1
910241 6008 1 1
178930 2 4698 2
807299 1 1 17929
827291 1 2 4726
434106 1 11865 1
581979 1 14235 1
408889 1 1 11227
715182 1 9634 1
608842 12675 1 1
47689 2310 5 1
725399 5145 1 4
615953 1 2867 4
109538 1 5334 3
649993 1 1 18379
861784 1 3462 4
579086 1 6203 3
590143 12552 1 1
232243 1 11367 1
922723 15624 1 1
164496 94 1 186
976385 7332 1 1
473737 1 1 19178
846981 5 1 2729
801306 13128 1 1
678601 19979 1 1
666096 1 734 13
558244 17660 1 1
654866 1 17894 1
778822 1 1 16344
370640 1 8203 1
718389 5 3732 1
84240 1 1 20397
94867 4 5 337
480724 18764 1 1
781214 18394 1 1
583319 8749 1 1
235180 1 10209 1
577015 1 9408 2
195253 1444 7 2
363043 13490 1 1
868519 1 1 9211
106640 12165 1 1
909675 1 3659 5
474282 1 1 11551
925749 1 1 11029
982618 1 16930 1
557687 1 1 18430
851871 17181 1 1
964892 1 16120 1
54483 19578 1 1
148294 14923 1 1
835746 1 11744 1
160071 1 5373 1
199107 11817 1 1
273105 1 1 15050
194234 1 1 16990
660447 1 3130 4
114158 6193 1 1
168118 15668 1 1
766901 1 3747 4
496528 3 2 1885
973625 2 1 5838
248996 2 1 5703
273828 1 1 15945
340191 12053 1 1
35701 2 4939 2
390453 13679 1 1
121780 15284 1 1
355077 17676 1 1
229495 17901 1 1
851808 1 1 11886
330866 3 1 5468
306513 1 19680 1
430158 1 16758 1
597710 1 20964 1
813944 2 4 2239
411770 11692 1 1
903265 10908 1 1
275888 1 12817 1
77160 1 1 14550
393817 6277 2 1
760344 1 1 12002
210779 3399 4 1
559062 18297 1 1
153534 19682 1 1
142726 1 1 12506
221562 2 1 7806
39197 2 3416 3
670646 1 1024 14
524616 1 1 15491
834589 17 1 936
910331 14673 1 1
709413 8 1 1397
683966 10672 1 1
237662 7374 2 1
500381 1 15749 1
639271 13829 1 1
208309 1 1070 16
308137 16492 1 1
737438 13672 1 1
967607 11059 1 1
920959 9755 1 1
249350 5 1 1485
570278 61 4 65
176631 1 13266 1
121876 1 7779 2
900322 1 1108 14
967220 1 14054 1
822694 3 3072 2
587547 1 1505 12
256058 1 20229 1
748339 2 1 7102
136836 1 9443 1
429046 1 9201 1
298668 1 1 16708
960849 20766 1 1
293457 4 1 5123
630401 1 2 7098
348839 1 19950 1
665822 1 8782 2
134591 1 1 10379
896629 20123 1 1
419480 1 1 10422
742670 1 1 16454
773284 9144 1 1
513807 4 1 3752
240083 1283 13 1
865903 15654 1 1
584952 15647 1 1
330798 1 18416 1
996710 1 13111 1
484274 1 3579 3
636678 6 1 3010
11267 1 1 18553
146803 1 20569 1
810424 1 15952 1
431809 1 2 6984
775261 2 1 8273
593022 1 9572 1
804052 5285 3 1
640567 1 17928 1
279520 3 1 6166
812137 1 1 18784
925281 2118 3 2
402474 1 1 20308
382051 1 10353 2
757068 2 1 9096
386085 1 1 14418
906932 5 1 4163
96054 5 2 1704
184461 3007 5 1
443312 1 19617 1
293190 3 1 3555
933211 1 16629 1
635118 1 4237 4
323477 1 1 18511
439496 1 1 20926
497898 1 1 10506
678351 1138 7 2
587109 4 1 2939
815 1 1 16413
754112 397 2 21
381342 1 1405 14
476802 2 2 3217
783467 1 1 20147
977644 17611 1 1
456741 15974 1 1
623313 1 1 12421
753443 13640 1 1
724516 1 16828 1
909958 1 13871 1
46743 16959 1 1
341656 17339 1 1
866915 16555 1 1
577652 4850 2 1
55247 1 12987 1
391973 1 2715 2
770052 1 1 10244
493406 2 1 9401
41348 2 1880 4
806290 11705 1 1
9434 1 1 12009
638216 16897 1 1
661408 1 6225 2
754308 1 16529 1
766473 1 10163 2
141488 1 19219 1
774148 1 1 11297
749015 1 1 8067
311100 1 1 18468
318167 12 1 1417
852760 36 1 540
201470 1 9167 2
364262 1 1 5850
69333 1 8292 2
146969 1 1 12388
914416 1 2 4886
630982 1 5632 1
706163 3 5551 1
744490 1 3263 5
589922 1 12461 1
427877 1 1758 10
851542 20919 1 1
220047 8884 2 1
51155 2 7708 1
141682 1 19473 1
747099 1 3751 3
606258 1 1 14619
209608 1 12871 1
154710 1 1 20809
507044 3 1 6573
312175 2659 7 1
480223 10420 1 2
857327 1735 10 1
468262 10994 1 1
365969 1 8608 2
475906 1 20386 1
551925 28 1 620
392680 11910 1 1
886006 13880 1 1
628078 19775 1 1
512042 1 15188 1
718956 1 1 17005
753076 1 7622 1
884853 1 18094 1
545050 2 1 8862
111352 2477 4 1
895957 10377 1 2
694742 778 13 2
645278 2 9680 1
667961 8726 2 1
643716 13581 1 1
254282 1 1 12142
291987 20134 1 1
335030 3 1 5439
519041 1 18492 1
481674 20328 1 1
323887 2 1 8122
81846 13745 1 1
332959 18890 1 1
984395 6443 3 1
477465 3 1 4848
398718 1 13998 1
753700 10935 1 1
695111 1 16311 1
422597 1 2457 6
732947 5375 3 1
128769 3 1 3273
15167 1 20105 1
277186 1 8040 2
690506 14744 1 1
913446 8493 1 2
352646 3 4701 1
338934 6924 1 2
558052 1 1 20526
430810 1 7092 1
7967 4185 4 1
611352 3 3 2165
574899 1 1 13785
393787 1 1 18543
384314 1 11928 1
871105 1 10176 2
101926 1 11355 1
432643 2 2 3705
511375 15830 1 1
493837 1 11821 1
615927 15393 1 1
449011 1 1 10708
762287 1 1 17395
790727 1 3052 2
968456 1 2 9098
988250 1 6574 2
785290 1208 10 1
597350 1 1 11809
777871 1 1 12264
557372 1 1 18380
807534 1 3547 5
614593 1598 11 1
874826 1 20060 1
546121 1 3987 4
321574 1 1 17031
920166 1 4 3454
854092 433 26 1
41968 1846 8 1
222769 2 1 8260
666059 1 2 9495
163717 1 3073 4
977452 1 15145 1
326192 6480 1 2
832430 8656 2 1
154705 2 2 4467
468271 12 1 1519
960456 16891 1 1
872922 19282 1 1
603054 11285 1 1
764709 1 15366 1
668491 1 20115 1
787483 6 1 2305
209411 1 15104 1
710710 1 17733 1
381320 1 1099 12
260589 1 2 6655
21154 8347 1 1
216428 2 1 7168
874832 4 1 4510
931564 1 16113 1
756152 1 2 9135
623025 9892 1 2
672197 1 18784 1
864725 4 1 4542
58976 1 19550 1
924620 2 5229 2
382046 1 1 10933
435342 94 137 1
242675 19041 1 1
939551 3957 5 1
716732 16493 1 1
638110 9334 2 1
96582 12773 1 1
48203 7635 2 1
471131 2 5163 1
893859 1 13755 1
336294 2 1 6332
752589 14552 1 1
393794 1 19224 1
117004 12870 1 1
739086 1 1 6065
716201 1 16085 1
289435 1 15819 1
101983 1 19508 1
732203 1 1775 10
933788 16480 1 1
252781 13823 1 1
698520 1 1 18845
198948 1 6788 3
980241 14759 1 1
374514 20001 1 1
507408 1 1908 6
600778 3 1 6022
704940 1 15290 1
57508 1 1 17005
920218 1 8234 2
696448 10960 1 1
79372 1 3 4021
297646 13801 1 1
726964 1 19906 1
131842 3513 5 1
592460 1866 6 1
417602 8490 2 1
825866 1 1 17465
700139 1 17584 1
81643 1 1 19890
451890 286 20 2
927171 9780 1 1
679865 17587 1 1
18787 11248 1 1
110938 15634 1 1
920322 1 1 20114
863502 1 19758 1
918269 18260 1 1
174769 1 5078 2
364940 1 19593 1
387058 1 20814 1
919291 1 8601 2
893795 17145 1 1
778960 1 13517 1
575552 1 1 18623
124782 1 5064 4
600403 11759 1 1
124887 1 19819 1
13504 1 1 10751
602501 1 11160 1
589527 1 11694 1
244214 1 12420 1
652222 5 4 732
926884 1 1 20364
867846 1 12365 1
55302 1 1 11178
278908 10277 2 1
250547 1 14356 1
590184 10939 1 1
269072 22 2 212
864403 1 1 16179
458708 1 1 19971
831347 1 1 20429
807996 1529 5 1
577020 2 1 5589
868922 1 19977 1
988543 3022 1 4
264525 1 1 4989
19262 17812 1 1
386090 1 9077 1
49360 3 1 6780
5845 1 9074 1
702403 1 1 17002
91084 1 20133 1
996906 1442 2 6
948037 1 1 14139
235316 1 14291 1
733903 1 4353 3
464663 15845 1 1
662519 1 1 11079
977670 1 1 12174
591718 3 1 2292
811063 1 4 5105
924561 13905 1 1
861481 9321 1 2
827231 1 16085 1
402295 3 437 13
166915 14349 1 1
951133 8428 2 1
25651 1 15515 1
943463 1 15949 1
522763 18670 1 1
613865 2 6101 1
833549 12128 1 1
796925 1 9973 1
311473 3341 4 1
58557 1 10466 1
238947 15419 1 1
966190 1 18609 1
935952 13813 1 1
882281 1 1 14129
843363 1 1 10698
271827 3 1 6871
807275 1 1 16881
283171 10737 1 1
173023 1 6134 3
903198 2416 4 2
333331 1 1 11409
241617 1 3 5567
798212 4606 4 1
336090 1 1 17977
125060 20628 1 1
657920 1 10138 2
102711 857 16 1
396887 1 10429 1
234546 1 16866 1
744961 1 1 16420
562296 1 19273 1
845639 1 16159 1
465927 1 1 13748
216413 10995 1 1
147128 1 1 10490
201571 1 3 3661
199861 12179 1 1
938380 1 10838 1
426731 1322 2 5
816360 1 1 11169
927634 2 1 8767
53086 1 6921 2
190395 1 12670 1
708059 1 1 19670
201007 1 17377 1
368290 1 11816 1
352120 6809 2 1
730734 5 1 3533
168984 1 13933 1
956838 138 138 1
851907 10650 1 1
596018 1 18900 1
942756 1 12222 1
392224 1 1 12788
256576 6986 3 1
276065 1 17434 1
160374 1 16284 1
668522 4 1 3554
332230 11489 1 1
908556 1 1 17966
114624 2 3841 1
96781 1 1 15731
528983 1 13143 1
328175 1 5694 2
255775 2 1 7640
915576 17171 1 1
979122 1 8285 1
796108 9927 1 2
551440 1 2907 3
295494 16204 1 1
975040 1 13725 1
174249 19252 1 1
328871 1 1 17426
611069 14663 1 1
918046 1 1 12797
652769 3 2 1636
797974 12711 1 1
926167 3 1 6077
908153 19610 1 1
261387 3 1 6040
757679 1 18603 1
572844 9639 1 1
559401 1 10600 1
368343 4333 2 1
971890 1 11918 1
945026 1 1 12711
796919 6593 2 1
506680 1 1799 8
709308 1 809 8
256647 1 4245 2
278310 1 1 13182
295972 2 1 8572
261913 19350 1 1
780884 19353 1 1
831181 5 2 1815
915970 1 12694 1
678596 17468 1 1
402524 11838 1 1
299014 1 18266 1
460623 2 8744 1
567650 1790 7 1
664836 20782 1 1
414394 1 13193 1
399257 803 17 1
392980 1 12050 1
997877 1 1 14775
883274 10157 1 2
163400 4 1 5161
662490 1 3 5973
578212 6245 2 1
55822 1 1 16712
337903 1 5153 4
185007 11164 1 1
1621 2 9994 1
492852 865 19 1
561405 2 9582 1
774272 1 1 11784
967304 19446 1 1
21915 3553 4 1
166487 2 1 10252
16450 4491 1 1
897460 1 1 17980
462051 1 1 13301
373559 3 1 6277
903614 14290 1 1
675778 1 1 15961
423769 1 1 15887
137557 1 6808 3
208504 6737 1 1
782555 1 1637 9
837811 1 5210 3
139611 1999 7 1
498690 5090 4 1
251991 18327 1 1
555184 1 1 13728
389816 9954 2 1
692829 1 1 15656
670206 2 7845 1
319092 1 16334 1
225822 1 1 10590
91563 1 6577 2
790556 1 20568 1
246530 1 20351 1
139028 11895 1 1
231791 14652 1 1
731461 9 1 1379
793425 1 20981 1
469565 2 1 8724
245661 18 1 1036
17408 1 16117 1
382136 1 7263 2
640539 4 1 4496
113137 1 16928 1
245528 11778 1 1
7760 18448 1 1
661072 1 4145 3
531130 11855 1 1
492767 2 1 6169
435171 1 1 12261
762394 11163 1 1
806088 3 1 4235
351336 13388 1 1
865886 18417 1 1
893767 1 8810 2
242418 12492 1 1
901092 2 1 5376
734923 1 1 10548
650908 1 1 16722
808221 1 19028 1
304495 1 18145 1
194448 1 13623 1
366415 1 1 5392
792623 1 8302 2
218406 1 1 11561
556598 1 15634 1
162631 2443 3 2
492453 6492 1 3
629901 3 1 4857
636367 11627 1 1
697091 3 1 6269
245433 4479 1 2
361974 3 1 5628
419676 1 1 11756
315624 1 15510 1
805051 1 20660 1
627246 15548 1 1
282366 14127 1 1
425338 1 19232 1
787884 1 1 20411
806422 1 1 16570
677617 1 2 9501
951891 2 1 5185
556258 1 1 10491
987152 1 14348 1
671883 1 1 19168
666979 9489 2 1
289715 2 1833 4
274788 624 30 1
288541 16916 1 1
699627 1 9858 2
803912 2 1 10007
790476 1 12591 1
931604 656 27 1
619717 4 1 2371
72444 1 7210 2
249500 1801 11 1
361269 1 15982 1
143757 2 500 15
346482 1 1 15878
1241 5 1 2428
776209 1 18048 1
954964 1 1307 12
947179 1 1 12059
875447 5503 1 3
289272 2 1 9668
359621 1 1 7004
217554 2609 8 1
647189 1 2 5833
787094 1 19025 1
139948 1 12628 1
578690 1 17985 1
34396 8917 1 1
435688 1 16959 1
57422 1 5493 3
204557 1 6468 2
490192 13306 1 1
126111 1 16144 1
563605 11372 1 1
130656 1 1 17026
261395 1 2653 6
179985 1593 6 1
311236 1 14867 1
213142 9774 1 1
448394 1 1 18825
257881 3 1 5515
103713 8373 2 1
664947 2 2519 4
454273 8 1 2022
426505 15096 1 1
939554 2 4381 2
858587 1 1 13391
532375 1 5136 3
666131 2 1 5149
397807 1 1 18739
60192 2 1 5143
261243 8620 2 1
103483 1 1 16373
399037 1 11841 1
611260 1 1 15380
874418 1 1 14158
827349 1 4415 2
854785 1 12165 1
715343 4000 4 1
460189 1 1 12099
283164 1 5594 2
627427 4513 1 3
485308 3073 2 1
476204 19629 1 1
866644 9 1 2084
459827 14581 1 1
701922 19671 1 1
678328 1 3211 4
273081 1 10670 1
912494 1 3521 5
458903 5190 3 1
130643 1 13915 1
588822 2431 4 1
113429 1 785 16
894948 2 1576 4
157229 1 1 9217
752955 19916 1 1
913018 1 14801 1
817084 3 1 6421
747444 12772 1 1
282877 1 19337 1
415402 2 2882 2
116941 6 1 2156
443016 1 1 14306
407405 17473 1 1
26326 16210 1 1
626446 1 2055 7
894499 16391 1 1
273819 1 18077 1
875754 1 18239 1
433030 1 16781 1
589118 2 1 6311
830341 5028 3 1
353097 16865 1 1
697067 10531 1 1
975705 13348 1 1
191468 1 6230 2
197181 3 1 5704
422895 1 12658 1
905546 1 1 10505
796527 1 17504 1
491850 1 10697 1
985433 1 1 13891
259435 2 1 9349
948284 1 12520 1
630249 2 2 4427
786321 14513 1 1
439411 1 20688 1
247052 17685 1 1
77240 9064 1 1
442725 1 20869 1
323725 20644 1 1
519234 8 1 1975
737242 9160 1 1
657310 1 13287 1
25899 4 4741 1
856495 13940 1 1
312732 6 6 524
451067 15213 1 1
70138 14 1 987
945900 1 15665 1
483503 1 1 11923
656454 18877 1 1
134941 12559 1 1
741048 1 4 4070
212162 1 2228 3
151577 18309 1 1
500945 3 1652 3
724963 1 18209 1
914452 2 1 10157
623709 7122 1 2
494355 1 1 19986
158279 1 11899 1
689388 11813 1 1
58556 1 392 9
675110 1 3714 5
666949 1 13304 1
923065 1 1 16995
687969 1 7634 1
706195 18 2 431
91989 1909 5 1
469240 1 5489 2
189672 2 1121 5
863184 1 3659 4
487601 1 1 11171
659140 1 7495 2
685769 1 15905 1
257209 11706 1 1
756340 5271 3 1
306402 1164 1 8
787210 1 1 18441
388346 1 18939 1
228086 1 9379 2
7239 1 1 16038
520058 5081 1 1
154583 1 1 9249
685878 1 1 15296
445281 3819 3 1
187075 6264 1 1
579795 2 5500 1
497052 1 1 16000
774133 8 1 1993
765010 1 14967 1
978823 1 1452 9
755560 3 1 2231
631292 1 1 16517
955678 1 1 20508
823490 1 1 19599
900152 1 18798 1
912847 1 1 11577
394732 1 11615 1
771280 1 17208 1
724221 2 8737 1
493105 1988 1 9
197812 1 1 20264
283431 3 1 4980
585781 1 11628 1
790714 1 6061 2
476748 2 1 7447
483533 1 1 16551
165456 18789 1 1
100116 1 1 13095
852702 4468 1 1
850348 1 1 11784
150437 1 15357 1
749168 1 1 14553
616699 1 1 11185
59421 1 1 4222
439109 1 1 11559
959277 1 17803 1
371850 14517 1 1
615466 1 19946 1
458648 2 1 6463
271923 1 13740 1
86678 2 1 5479
22007 12195 1 1
734703 2793 5 1
715585 1 13153 1
463845 1 1374 13
205717 1 16855 1
591383 19427 1 1
616873 9 2 902
342773 7693 1 1
217513 1 18010 1
248411 16474 1 1
277094 1 1 12936
595706 1005 6 1
708735 1 1 11074
5772 2 8714 1
152712 6623 1 1
710969 2316 8 1
842786 1 1 19921
764162 1 18347 1
836598 16051 1 1
90453 1 11 1539
626139 3 2 2848
90958 7329 2 1
116802 2445 7 1
777248 1 1 18084
595024 19511 1 1
383834 1 1 14302
614843 1 18267 1
518005 1 18966 1
588350 10063 1 1
761378 3374 5 1
700377 6192 1 3
471712 13542 1 1
982380 1 2504 5
17556 10213 1 2
517211 2850 4 1
581644 2 3071 2
122389 2 2 4527
711590 1 7286 2
466253 13590 1 1
175823 8970 1 1
671021 8 1 851
613879 11494 1 1
731657 1 1 14721
231804 2 611 14
994208 2059 8 1
90403 9788 2 1
210473 5571 1 1
3060 3 1 2918
491176 10151 2 1
730878 1 3425 3
598423 13258 1 1
209261 1 8548 2
104548 7816 1 1
585358 16696 1 1
894862 3 326 11
514126 1 20285 1
514949 1 10890 1
503690 4 372 6
714081 1 827 14
853160 10142 2 1
480735 4 3115 1
923928 1 13343 1
923041 1 11515 1
662769 4 2 1504
944215 1 4 4792
656751 1 19065 1
344863 1 2 6947
425104 8 1 1343
33406 1 7123 1
424004 18383 1 1
242962 1 1 11091
620642 1 18749 1
828562 1 17023 1
309177 2 1 9930
447156 1 8719 2
307381 20219 1 1
116918 1 1 8298
761572 2 9388 1
302820 1 14105 1
34130 1 1 16500
864914 1 1 20307
452939 1 4803 4
642735 7057 2 1
165920 20951 1 1
67388 5104 3 1
253024 2 1 9841
324351 18574 1 1
31407 1819 6 1
363619 10023 2 1
664802 1 10657 1
442292 1 1 12655
662197 1 1 12736
509692 3 1 6474
464395 3 1 6728
274720 1 11054 1
792793 1 1 11986
846918 1 325 64
68595 9535 1 2
421741 687 30 1
694835 2 1 9520
88066 14161 1 1
870250 1 3025 4
368621 3 1 5716
342019 1 12384 1
668431 6 2191 1
527382 1 13622 1
884015 1 6496 2
120920 13059 1 1
380235 1 18424 1
968663 1 19156 1
249148 3 1 5728
393247 18278 1 1
574148 20362 1 1
1510 8675 2 1
3690 2 1 7313
567777 1 1 12824
309128 3 1 3607
755434 14936 1 1
697094 1 1 16860
369027 2 1 9292
497246 20609 1 1
377532 1 1 11001
812032 15059 1 1
972990 1 1 16627
696668 1 1 12050
909391 16919 1 1
173988 19005 1 1
928980 51 276 1
137911 8436 1 2
583061 1 6 3123
519656 1 1 10754
572916 3112 1 2
379541 1 2 10244
667995 1 8189 1
758551 1 1 17703
369321 1 1 12821
554147 4823 2 1
10169 5603 3 1
491176 8974 1 2
873835 13592 1 1
860362 1 16474 1
804125 3921 5 1
426123 10335 2 1
919094 12537 1 1
743882 1 13303 1
260041 11957 1 1
118828 1 3563 4
496378 5470 2 1
868100 1 1470 8
976252 1 13341 1
191434 2 1 6779
565962 3878 4 1
732734 4962 4 1
757856 1 9230 1
196279 7863 1 1
927890 14485 1 1
753422 1 18089 1
747403 1 9229 2
76158 1 2 9636
696085 1 1 20473
276743 2196 2 1
712016 5132 4 1
232824 1 1 13059
199193 1 1 17909
692269 1 1 19417
76007 1 1 16833
42379 3732 4 1
924564 1753 1 11
920667 917 17 1
875480 8416 1 1
768464 1 1 17258
232624 17803 1 1
969505 3 4533 1
973476 9367 2 1
275070 1 1 19205
953272 1 1 7011
837967 6 2902 1
972664 12040 1 1
20709 1 722 15
323354 1 10195 2
73045 13505 1 1
195578 1 2 9222
948766 1 1 19043
199 10514 1 1
512223 2 1 7613
431636 1 15037 1
793777 1 14676 1
199471 1 1 14144
747128 1 10886 1
983548 2 2 4749
134659 18118 1 1
626358 1 15180 1
857081 2 1 6856
91340 1 1 15008
463110 2 2390 3
470190 2 7175 1
262686 8456 2 1
957987 1 1 19500
547180 1 4194 4
564707 1 1 13137
329052 1 5924 3
204858 1 1 16719
503735 18363 1 1
172906 1 16774 1
535990 1 8104 2
669133 2 1 9999
528402 1 16198 1
78411 9213 1 2
27543 2 1 8545
982822 1 1 14948
18831 1 10604 1
677286 1473 10 1
657871 1 1 7447
175917 1 12903 1
972240 1 1 18098
283770 16120 1 1
485814 1 11230 1
382351 4664 1 2
103580 4 1 3273
367852 1 9706 1
88319 1 2 10382
390990 1 6637 3
74091 18497 1 1
63451 1 3767 5
411782 569 28 1
929918 5559 2 1
705299 1 1 17144
393466 16827 1 1
847883 1 7946 2
490231 7220 2 1
979729 14928 1 1
706771 1 10426 1
220435 14980 1 1
399840 3822 1 5
820005 1 1 7920
201830 1 5723 2
297858 1 1 14391
612966 1 685 21
133089 16007 1 1
677365 1 17258 1
204871 2 911 10
717724 14668 1 1
525359 1 1 13458
19909 3 4 1507
637478 14629 1 1
597680 7 1 2728
168240 5505 2 1
752498 1 8587 2
112994 4238 2 2
31526 1 14072 1
453518 4 1 2461
67923 1 898 16
310381 1 1 17445
69390 14 1 1104
245968 2 8158 1
850991 5415 3 1
932595 1 12696 1
174399 12988 1 1
321837 10955 1 1
109082 2 4077 2
940493 11115 1 1
384801 3350 6 1
161566 1 1 20149
634779 1 9363 2
926895 2 2 3449
172739 1462 4 1
435772 18188 1 1
396161 2 1 5028
37820 1 1 17334
474611 1 6908 2
215288 1 10841 1
503745 18150 1 1
837439 2 6585 1
525538 1 1 13941
86381 15628 1 1
231744 1 1 15112
120771 1 15447 1
43893 1 13757 1
781455 1 178 26
69483 1 1 11284
402491 5444 3 1
325501 15684 1 1
537442 3 3119 1
302799 1 6450 2
531721 1 1 11791
862114 1 1 11042
363454 1 8653 2
364298 1 11372 1
269654 1 1 10979
810638 1 11128 1
440778 1 523 16
973517 3 2 3222
27721135