339
381359 17294 1 1
895705 2 7368 1
151822 2737 6 1
531430 3 1 3641
62457 1 4745 3
705939 1 12796 1
491512 1 1 13984
549289 1 14633 1
484912 1 12329 1
327005 1 1 12137
213531 2 1 7180
710660 15147 1 1
598800 18899 1 1
488686 3 1 4098
702870 3790 5 1
568931 6109 1 3
175999 2 4062 2
102260 1323 13 1
990964 1 14047 1
153786 20981 1 1
729202 1 1 13957
172223 1 2615 1
441605 12522 1 1
886992 8323 1 1
349783 1 1 19300
57909 1 17668 1
104682 1 10707 1
271186 1 1 19444
1289 5445 2 1
743173 1 1 18697
586634 1 1 16471
72014 2 1 7966
896915 6309 3 1
60544 11 1 1236
414570 1 1 10578
573472 1 4318 2
625692 1 1 14754
579770 1 1 20432
388850 1 2 8149
458898 1 19518 1
378510 1 10894 1
285142 1 1 12059
539370 1 1 10798
206737 1 2 10363
994761 20744 1 1
788834 1 19832 1
261542 1 15702 1
135404 16246 1 1
228641 1 13877 1
422775 1 7303 2
551211 10069 2 1
13269 3819 2 1
379777 13138 1 1
463561 4 1 2958
262883 2 1 9321
84657 15395 1 1
767937 2019 7 1
98516 4242 4 1
365637 12607 1 1
283505 1 8219 2
154440 1 14874 1
264876 6 1 1647
619095 14261 1 1
202078 1 97 108
901656 1 7255 1
407090 1 11282 1
619893 1 17725 1
787259 421 29 1
911177 1 17170 1
813854 19467 1 1
938682 4 1 3206
700333 11923 1 1
932354 7 3 922
263919 3752 2 1
524370 12794 1 1
710285 2 1 7765
55367 1 17678 1
837899 1 1 13916
21194 1 6605 3
90404 7443 2 1
4201 1 4173 3
764217 2865 4 1
726130 2 1 8381
236070 19312 1 1
100616 15318 1 1
384287 1 11085 1
566938 1973 5 2
595203 1 1 13453
884936 15017 1 1
289325 262 74 1
462105 10995 1 1
653527 3 1 5983
771710 16364 1 1
407811 1 1 19463
477279 20 1 471
18290 3250 5 1
302628 1 10 2080
337848 11 1 1076
360241 1 2 7357
663644 1 871 11
721078 9976 2 1
241103 12614 1 1
182332 1 1 8189
934313 1 17231 1
686686 3 1 6535
182955 2 3 3179
504798 1 14898 1
686320 19348 1 1
756610 19663 1 1
26669 1 5358 3
511697 16183 1 1
737998 1 20524 1
109188 6683 1 2
735019 16862 1 1
469119 3 1 6212
91751 16967 1 1
465457 1 1 17178
853759 4171 1 3
258577 1 1 12103
271498 11231 1 1
509897 1 1 17941
386270 9815 2 1
475184 1 18242 1
517746 2 1 9858
344194 2 1 6085
522551 1 1 12606
748753 4 1 3548
845462 2 7648 1
835843 1 18127 1
522724 8739 2 1
603296 1 1 12310
161357 3 1 5551
133402 1 13197 1
580608 3 1 4528
598409 2 4789 2
210746 11756 1 1
117136 2 2 5037
453484 2 1 5338
444423 1 8584 2
813332 1 10743 1
360570 1 3574 2
799334 1 1 20062
517159 1994 5 2
167276 1 1 17656
512399 20072 1 1
730760 1 1 16281
21376 8475 1 2
287954 2 2 4589
549855 2 3 2606
752526 5508 2 1
803473 1 1 14461
837081 3285 6 1
655933 1 17811 1
923198 1 16128 1
148724 5 1 3779
895703 1 1 6736
869739 1 18366 1
30699 1 20877 1
65758 17416 1 1
952058 6196 2 1
305219 2 1 9669
680889 1 15277 1
867916 1 1 11461
723574 1 18371 1
176863 1 1 16874
861738 1 15775 1
80642 7134 1 1
69747 1 5502 2
288627 1 7162 2
599439 1 14372 1
380748 7466 1 2
144758 1 129 117
335013 19004 1 1
535402 13467 1 1
893445 3846 1 3
899478 19070 1 1
506683 38 1 220
320630 4426 1 4
136540 11094 1 1
48774 9749 2 1
176236 1 1 11596
455410 6309 2 1
97444 1 1 19826
708418 3 3 869
762266 1 1 16211
882236 11093 1 1
863594 2 1 5715
71964 1 1 19868
426524 1 1 8890
597912 1 12806 1
297503 1 14064 1
646197 20408 1 1
437320 1 1 14350
944530 1 1 17253
117102 1 5 3781
69318 5 1 2067
727442 1 11230 1
978237 1 3269 6
635566 1 1 16452
931970 8400 1 2
194114 1 3783 4
650805 10986 1 1
344645 4 1 3247
948464 2 1 9540
740227 7421 2 1
60797 2 8450 1
102840 1 6229 3
691547 1 11494 1
962934 1 15278 1
894152 19555 1 1
588683 17193 1 1
101562 1 18701 1
517064 2 1 8907
407023 1 14057 1
326364 20072 1 1
548543 54 1 314
663677 1 6739 3
516701 1 15906 1
258786 12735 1 1
155582 1 14163 1
766958 11325 1 1
189356 18530 1 1
893428 5455 2 1
20669 3 1 5058
588373 1 1 12425
788819 9645 2 1
375848 12159 1 1
836430 18890 1 1
196186 1 3 3178
139274 178 1 52
325842 1 1 15123
532217 1 1 13553
87527 1 20418 1
616552 1000 14 1
112964 9110 2 1
514306 3 1 4162
354204 5444 3 1
452895 1 11779 1
294553 8779 1 2
329607 13084 1 1
611964 1 3416 5
814089 1 1 13193
441215 1 917 15
479687 1 2 8390
169380 1 5127 4
623149 14519 1 1
531781 7 1 2264
816460 1 9132 1
626770 1 12136 1
475253 18827 1 1
945654 1 18375 1
504258 5 1 4198
447072 1 5584 1
62067 5013 3 1
915409 15445 1 1
697737 15 3 427
231166 1 1 14007
8634 956 13 1
594883 3 1 4090
486099 1018 14 1
517939 11387 1 1
607312 11141 1 1
60815 1 2 7740
22644 546 32 1
840913 1 1 15053
434935 12151 1 1
949336 9741 2 1
458658 11 1 1039
81605 1 6023 2
658263 1 2868 7
183651 16797 1 1
845923 1 7995 1
955028 1 17281 1
569610 2 1 8636
378930 1 2 8656
543012 3 1 5639
927270 6203 3 1
236500 1 19116 1
134502 81 89 1
592219 18278 1 1
681111 12563 1 1
500219 1 17987 1
360417 10721 1 1
371906 1 17914 1
929067 1 2663 2
357019 16124 1 1
190171 19148 1 1
767278 2 1 8439
550401 1 19548 1
706172 5567 1 3
980027 2 8647 1
277538 22 1 840
921157 18084 1 1
264606 564 24 1
15625 10916 1 1
824400 4860 1 2
182768 1 2276 7
504493 8380 2 1
48914 12277 1 1
698361 2 1 8191
703219 10675 1 1
413023 1 6941 2
119656 1 19721 1
264778 2825 6 1
999725 1 20865 1
849030 2 1 8665
912974 2297 6 1
836658 11 1 1028
328149 1 12854 1
161962 8143 1 2
904716 3 1 6778
895784 1 20733 1
756738 2 1867 1
647457 2 1 7337
309662 13833 1 1
245477 20929 1 1
374511 1 1 17548
577023 14697 1 1
991951 1 18 720
646418 1 20176 1
351451 3589 3 1
163524 1 17859 1
905606 8822 1 1
251834 6813 2 1
339101 1 12771 1
116226 20358 1 1
882933 1 1 17428
168482 1 1 10912
964112 4 1 4377
846343 12632 1 1
647910 12416 1 1
267627 1 16684 1
102891 2 1 7461
953289 9812 1 2
905161 2590 4 1
952154 1 1 20053
144469 1 2 9175
590164 15120 1 1
92158 12884 1 1
66314953